0.0152547 -0.0188925 0.999705
0.744261 0.354289 0.566176
-0.303616 0.776444 0.552225
-0.100171 0.640947 0.761021
-0.452767 0.107223 0.885158
-0.0389406 0.474616 0.879331
0.68822 0.284085 0.667569
-0.298309 0.033929 0.953866
-0.000632261 0.00348518 0.999994
0.159756 -0.312419 0.936415
-0.00331169 -0.451208 0.892413
0.300033 0.695954 0.652402
0.172873 0.723894 0.667902
-0.0793227 0.0908502 0.9927
0.171093 -0.448854 0.877073
-0.0060518 -0.225594 0.974203
-0.0601851 0.129452 0.989758
0.544948 -0.0222457 0.838175
-0.510991 -0.0345512 0.858891
-0.0776185 0.443363 0.892975
-0.444982 0.633461 0.633023
-0.686079 0.32836 0.649212
-0.205456 -0.112054 0.97223
0.0218339 0.0632927 0.997756
-0.767417 0.249798 0.590484
-0.368675 -0.0791819 0.92618
-0.852929 -0.11214 0.50984
0.149505 0.830685 0.536294
-0.0582857 -0.178524 0.982208
0.0402805 -0.22749 0.972947
0.436264 0.216656 0.873347
-0.0291223 0.753445 0.656865
-0.636821 -0.0545417 0.76908
-0.52433 0.538027 0.660004
-0.107486 0.0188351 0.994028
-0.0324924 -0.132597 0.990637
0.656054 0.325183 0.681065
-0.782263 0.0940644 0.615806
0.0811379 0.353701 0.931833
0.462143 0.0629163 0.884571
-0.105783 -0.795925 0.596082
0.113296 0.0239869 0.993272
0.805097 0.272732 0.526722
0.045288 -0.0772222 0.995985
-0.45855 -0.283011 0.842399
0.188143 -0.381799 0.904893
-0.0233369 -0.0167678 0.999587
0.251659 0.398758 0.88185
-0.625177 0.135656 0.768603
-0.226842 -0.392322 0.891418
0.536517 0.214709 0.816118
-0.238351 0.353929 0.904391
-0.504959 -0.134533 0.852594
-0.613972 -0.15869 0.773211
0.00225102 0.392273 0.919846
0.164118 0.0252176 0.986118
0.485086 0.683634 0.545285
-0.110669 -0.0842117 0.990283
0.684986 -0.311109 0.658791
0.308954 -0.466178 0.82899
-0.578682 0.529919 0.61993
0.656758 0.501735 0.562966
-0.294743 0.0375749 0.954837
-0.780532 -0.0774753 0.620296
-0.107358 -0.135618 0.984927
0.38621 -0.109026 0.915945
-0.0698383 0.0286959 0.997146
-0.0648926 -0.328094 0.942414
0.177357 0.0370554 0.983449
0.398207 -0.0383126 0.916495
0.336108 -0.301017 0.892424
0.0366754 0.429934 0.902115
-0.282164 -0.155788 0.946633
-0.348067 0.548531 0.760239
-0.00240288 -0.00674253 0.999974
0.543217 0.20075 0.815239
0.360692 0.548606 0.754276
-0.205173 0.598304 0.774556
-0.242985 0.0917362 0.965682
0.0490282 0.0820999 0.995417
0.135144 -0.629598 0.765077
-0.0168588 0.70101 0.712952
0.0166673 -0.0239051 0.999575
0.181219 0.689275 0.70147
-0.0500991 0.0906466 0.994622
0.604906 0.228037 0.762947
-0.20854 -0.185412 0.960278
-0.376293 0.100308 0.921055
0.467977 -0.217656 0.856518
0.124912 -0.087425 0.988309
-0.697316 0.329261 0.636661
0.620076 0.246886 0.744683
0.515292 0.150907 0.843624
-0.0102753 -0.280692 0.959743
0.374971 -0.619347 0.689787
0.392366 0.334342 0.856892
