-0.512467 -0.439984 0.737423
0.665043 -0.335859 0.667021
-0.0651334 -0.170199 0.983255
0.605422 0.178507 0.775628
0.00767178 -0.204668 0.978801
0.231024 0.313109 0.92119
-0.638549 -0.277999 0.717615
0.530859 -0.242653 0.811978
-0.346909 0.395583 0.850393
-0.401241 0.309082 0.862249
-0.682012 0.392176 0.617299
-0.0876032 -0.614314 0.784184
0.405619 0.494067 0.769006
0.135605 -0.0396089 0.989971
-0.362556 0.438243 0.822494
-0.551492 -0.114569 0.826275
-0.39841 -0.0456888 0.916069
-0.390107 -0.188078 0.901356
0.0632018 -0.0418439 0.997123
0.00745549 -0.055383 0.998437
0.326538 -0.285225 0.901121
-0.551816 -0.0315015 0.833371
-0.172113 -0.412903 0.894365
-0.80944 0.0967645 0.579174
-0.493215 0.0857974 0.865666
-0.0155949 -0.696932 0.716968
0.565226 -0.0313633 0.824339
-0.0672666 -0.0419978 0.996851
-0.67469 0.370345 0.638466
-0.190639 0.197996 0.961486
0.141659 -0.678499 0.720813
0.0609489 -0.0859404 0.994434
0.244764 0.417002 0.875328
0.0918439 -0.0366633 0.995098
0.323921 0.264797 0.908272
-0.551448 -0.371841 0.746752
-0.832565 0.191646 0.519719
-0.484587 0.0934241 0.86974
0.613083 -0.055418 0.788072
-0.152249 0.155817 0.975982
-0.192732 0.0774008 0.978194
0.444613 0.0017611 0.895721
0.609123 0.0428251 0.791919
0.211975 0.243507 0.946452
-0.237822 0.0687187 0.968875
0.00473 0.0120441 0.999916
0.703677 0.0242498 0.710107
0.579606 -0.550016 0.601281
0.10148 -0.292191 0.950961
-0.582956 0.25241 0.772303
-0.0748095 -0.0636275 0.995166
0.0806796 0.322339 0.94318
-0.163926 0.821529 0.546094
-0.433781 -0.669116 0.603422
0.00442902 -0.234959 0.971995
-0.711587 0.309632 0.630692
0.409649 -0.339217 0.846829
0.442251 -0.593496 0.67244
-0.0193065 -0.390293 0.920488
0.343571 0.412389 0.843738
0.0175765 -0.00414912 0.999837
-0.843878 -0.142242 0.517336
-0.447579 -0.738973 0.503579
0.351168 -0.467717 0.811124
0.615351 -0.265375 0.742239
-0.29499 -0.20133 0.934049
0.236558 -0.134271 0.962295
0.41104 -0.388626 0.824631
-0.318833 -0.664373 0.675984
-0.596547 -0.447919 0.665959
-0.694402 0.459419 0.553841
0.405615 -0.583457 0.703601
-0.549819 -0.542381 0.635234
-0.319939 -0.722635 0.61273
0.00579786 -0.176029 0.984368
-0.631927 0.211691 0.745557
-0.298874 -0.253935 0.919887
0.338297 -0.131359 0.931826
0.0590879 0.0769704 0.995281
-0.694156 -0.508016 0.509968
0.66309 -0.351417 0.660922
-0.64374 -0.458228 0.612884
-0.106398 -0.0858743 0.990608
0.145488 -0.149268 0.978035
-0.574829 -0.00566286 0.818254
-0.0284305 -0.399942 0.916099
0.513427 0.506389 0.692793
0.461633 -0.220665 0.859187
0.050625 0.257224 0.965025
-0.432882 0.165533 0.886122
0.543661 -0.00178917 0.839303
0.171355 0.0223723 0.984955
-0.0287419 -0.0374196 0.998886
-0.296115 -0.101661 0.949727
0.00202937 0.0307114 0.999526
-0.811314 -0.236556 0.534612
