-0.711285 0.20401 0.672647
0.317762 0.468885 0.82412
0.448192 -0.151218 0.881055
-0.238446 -0.40209 0.884006
0.786618 0.215903 0.578462
-0.451715 -0.648112 0.613111
-0.409084 0.107596 0.906131
0.0107247 -0.00851667 0.999906
-0.109431 0.214945 0.970476
-0.202386 0.207087 0.95716
0.286819 0.352772 0.890666
0.234899 -0.192969 0.952673
-0.214408 0.806306 0.551271
0.250247 -0.156745 0.95541
-0.158655 0.609734 0.776565
-0.770295 0.28535 0.570281
-0.551784 0.445485 0.705037
0.150478 -0.397476 0.90519
0.460059 -0.0123382 0.887803
0.212037 -0.400483 0.891434
0.390085 -0.569789 0.723308
-0.135757 0.459464 0.87776
-0.389736 0.752531 0.530851
-0.56343 0.292941 0.772484
-0.630092 0.374155 0.680435
0.508669 -0.104805 0.854559
0.659646 -0.368242 0.655184
-0.555859 -0.357053 0.750689
0.0120552 0.46605 0.884676
0.0704732 0.0222653 0.997265
-0.772226 -0.324253 0.546376
-0.664314 0.285803 0.690654
0.113916 0.0169852 0.993345
-0.147578 -0.837677 0.525849
-0.659373 0.306721 0.686403
0.0450699 0.112955 0.992577
0.530251 0.481666 0.697733
-0.433819 0.173039 0.884228
-0.0501241 0.115172 0.99208
-0.00371335 -0.0208871 0.999775
-0.0601807 -0.0157773 0.998063
0.128066 -0.814402 0.565994
-0.257332 -0.177526 0.949876
-0.224319 -0.493919 0.840075
0.0376894 -0.550071 0.834267
-0.698627 0.102146 0.708158
-0.107181 -0.00732515 0.994213
0.172012 0.153749 0.973023
0.0762605 0.586735 0.80618
0.410957 0.631403 0.657605
0.00225419 -0.0882374 0.996097
-0.482624 0.624704 0.613856
0.205273 -0.132768 0.969658
-0.477522 0.509852 0.715558
0.312378 0.0414045 0.949055
0.457276 0.011672 0.889248
0.0583629 0.524868 0.84918
-0.725068 0.317267 0.611243
0.789012 -0.323213 0.522488
0.247572 0.171138 0.953635
0.478091 -0.51083 0.71448
0.392764 0.149061 0.907479
-0.297236 -0.0567703 0.953115
-0.150501 0.382019 0.911817
-0.589824 0.534299 0.605502
-0.280488 -0.788114 0.547908
-0.0977933 0.241045 0.965574
0.31657 0.118938 0.941083
-0.0256471 0.0342933 0.999083
-0.0418925 0.0895391 0.995102
-0.199489 0.604037 0.771585
0.0014118 -0.0114716 0.999933
-0.283606 0.47254 0.83443
-0.469547 0.522235 0.711896
-0.438579 0.381927 0.813499
-0.126174 0.196508 0.97235
0.0248667 0.713882 0.699825
-0.42876 0.648348 0.629134
-0.172248 0.0402102 0.984233
-0.337039 0.311957 0.888306
-0.676991 0.471563 0.565077
-0.302135 -0.482959 0.821867
0.396308 -0.321919 0.85983
-0.418469 0.573579 0.704195
-0.344376 -0.636862 0.689791
-0.800843 -0.153761 0.578799
0.286969 -0.0734429 0.95512
-0.656891 -0.561805 0.502861
0.0443766 0.49051 0.870305
0.406295 -0.735643 0.541991
0.0908777 -0.30176 0.949043
0.169688 -0.191769 0.96666
-0.0199864 0.105256 0.994244
-0.385591 0.0394144 0.921827
0.162677 0.450903 0.877623
-0.0424095 -0.11437 0.992533
