-0.203716 -0.421111 0.883835
0.246233 0.558638 0.792018
0.291724 0.649051 0.702588
0.00629816 0.508957 0.860769
0.265286 -0.457308 0.848818
-0.30575 -0.0736851 0.949256
0.805705 -0.153732 0.572018
0.301754 0.418314 0.856714
-0.549957 -0.263304 0.792602
0.169571 0.745429 0.644656
-0.544306 -0.260469 0.797425
-0.474535 -0.335848 0.813648
0.380884 -0.763078 0.52215
-0.477449 -0.207865 0.853718
0.116102 0.0287747 0.99282
0.335261 -0.431191 0.83766
0.534735 -0.577725 0.616678
-0.132106 0.045416 0.990195
0.229514 -0.101862 0.96796
0.0581655 0.02986 0.99786
0.519033 -0.626867 0.58107
0.0695994 0.535732 0.841515
0.768338 0.23327 0.596022
0.0629587 -0.00258511 0.998013
-0.812873 -0.240888 0.530293
-0.284517 -0.153942 0.94623
-0.695678 -0.24454 0.675449
0.0127282 0.138845 0.990232
-0.764714 0.15818 0.624653
-0.0395165 0.0830829 0.995759
-0.131504 -0.323662 0.936989
0.133588 -0.0561187 0.989447
-0.0824566 0.171391 0.981746
0.243426 0.0157431 0.969792
0.0757991 -0.392921 0.916443
0.552751 0.0861386 0.828883
0.730328 0.0407443 0.68188
-0.0503284 0.443197 0.89501
-0.156046 0.467875 0.86991
-0.174565 0.775061 0.607295
0.297459 0.245965 0.922507
0.0830948 -0.0744277 0.993758
0.34968 -0.0437668 0.935846
0.0211312 0.307285 0.951383
-0.184378 0.059856 0.981031
0.224955 0.432806 0.872969
0.217155 -0.0496125 0.974875
0.365441 0.10946 0.924376
-0.662487 0.462653 0.589121
-0.192685 -0.30348 0.933152
-0.116248 -0.282957 0.952062
-0.419689 0.409803 0.80989
0.196083 0.248101 0.948682
0.660568 -0.0898087 0.745375
-0.0331124 0.0442307 0.998472
0.00467774 -0.648492 0.761207
-0.224627 0.298024 0.927752
0.174041 -0.307697 0.935432
-0.0968556 0.0337151 0.994727
-0.0641548 -0.390752 0.918258
-0.0122535 0.590205 0.807161
0.766545 0.0499 0.640248
0.0413801 0.37229 0.927193
-0.232792 0.141304 0.962206
-0.380342 -0.220546 0.898164
-0.306715 -0.0120092 0.951726
0.0362207 -0.0126991 0.999263
0.0195679 0.129415 0.991397
0.345374 0.483396 0.804391
0.605847 -0.124545 0.785772
0.320456 -0.0394652 0.946441
-0.494797 -0.432477 0.75375
0.608184 -0.521038 0.598858
-0.197796 -0.0990192 0.975229
0.726971 -0.0692439 0.683168
0.00816897 0.0624115 0.998017
0.0537068 0.807102 0.587965
0.201093 0.816993 0.540449
-0.104998 -0.264571 0.958633
-0.0430322 0.101992 0.993854
0.384045 -0.0541765 0.921724
-0.377713 0.0211923 0.92568
0.531701 0.415495 0.738009
0.236201 -0.381406 0.893722
0.67946 0.103928 0.726315
-0.169364 0.216175 0.961553
-0.0959503 -0.678883 0.72795
0.651207 -0.347842 0.674489
0.51756 0.494959 0.697959
-0.388485 -0.723702 0.570381
0.379443 0.712535 0.590183
0.0372481 0.313488 0.948861
0.24086 0.142434 0.960052
0.0512052 0.229356 0.971995
0.820346 -0.25725 0.510739
-0.435218 0.37109 0.820291
