-0.22682 -0.409364 0.883727
0.233536 0.674802 0.700073
0.730177 -0.248697 0.636389
-0.207903 -0.117669 0.971046
0.849567 -0.00863942 0.52741
0.067407 -0.0358802 0.99708
-0.0342811 -0.0198543 0.999215
0.443237 0.0151917 0.896276
-0.670402 -0.516703 0.532521
-0.116464 0.0635745 0.991158
-0.0338511 0.147367 0.988502
-0.0833677 -0.156071 0.984221
-0.834272 -0.113045 0.53964
-0.770906 0.0112731 0.636849
-0.157553 -0.212936 0.96428
0.18383 0.456587 0.87048
0.553177 -0.620129 0.556269
-0.0616761 0.035543 0.997463
0.137562 -0.0358385 0.989845
-0.579203 -0.0419811 0.814101
-0.0370612 0.0136153 0.99922
-0.408884 -0.742648 0.530366
-0.307291 0.588656 0.7477
0.527433 -0.301501 0.794299
0.280217 0.751748 0.596953
0.302179 0.359441 0.882887
-0.450816 -0.036071 0.891888
-0.240022 -0.540808 0.806174
0.490485 0.31825 0.811259
-0.385754 -0.58208 0.715806
-0.107295 0.799603 0.590867
-0.00825928 0.0840499 0.996427
0.210746 0.811756 0.544645
-0.500616 -0.323919 0.802783
-0.690864 -0.506003 0.516399
-0.00945619 0.606255 0.795214
0.398129 -0.556476 0.729265
0.18556 -0.610048 0.770331
-0.315666 -0.65545 0.686105
-0.27459 0.171699 0.946108
0.213066 -0.620604 0.754621
-0.554152 -0.449768 0.700446
0.675526 -0.506271 0.536054
0.228653 -0.673272 0.703152
-0.046074 0.244379 0.968584
0.416301 0.675504 0.608594
0.0943462 -0.0424804 0.994633
-0.243627 -0.334362 0.910411
-0.00172925 0.755742 0.654868
0.588552 -0.314538 0.744763
-0.114996 -0.727965 0.675902
0.241705 0.0789469 0.967133
0.0830603 0.30148 0.949848
-0.824821 0.190808 0.532224
-0.136291 -0.0894133 0.986626
-0.538556 -0.613367 0.5777
-0.573348 -0.46356 0.675562
0.440611 -0.590504 0.676141
0.399369 0.314088 0.861309
0.0663885 -0.220944 0.973024
0.187812 -0.233568 0.95403
0.695287 0.484223 0.531134
-0.638292 -0.0294275 0.769231
-0.407958 -0.165907 0.8978
0.210076 -0.0509486 0.976357
0.0941097 -0.124584 0.987736
-0.755179 0.329174 0.566877
-0.198077 0.579349 0.790645
-0.0477446 -0.31236 0.948763
-0.0483055 -0.108324 0.992941
0.361366 0.451256 0.815955
0.294151 -0.341657 0.892606
0.463076 -0.0719058 0.883397
0.381501 0.483024 0.788128
0.0889643 -0.0798105 0.992832
-0.746595 0.1261 0.653219
0.052765 0.078816 0.995492
0.306631 0.198193 0.930966
0.159066 0.378849 0.911686
-0.738833 -0.355867 0.572263
-0.026173 0.0608395 0.997804
0.313498 -0.233405 0.920457
-0.48898 0.211832 0.846183
0.0388107 -0.150746 0.98781
0.372489 0.457221 0.807589
-0.108101 -0.199612 0.973894
0.120151 -0.775887 0.619325
0.520132 0.354899 0.776858
0.261297 0.0376954 0.964522
-0.468962 -0.393279 0.790827
0.63051 0.231572 0.740832
-0.219873 0.526791 0.821065
0.355437 -0.659829 0.662035
0.340241 0.0226771 0.940065
0.270172 -0.453874 0.84912
-0.28439 -0.543978 0.789437
