0.290728 -0.80912 0.510689
-0.424021 -0.125097 0.896971
0.354269 -0.0093763 0.935097
-0.349473 0.23147 0.907904
-0.153519 -0.0200102 0.987943
-0.193685 0.0153754 0.980943
0.424986 -0.0296926 0.904713
0.54411 0.611963 0.573973
-0.264458 -0.203718 0.942635
-0.47001 0.601668 0.645822
-0.49987 -0.67686 0.540361
0.188539 -0.117555 0.975005
-0.400092 0.328591 0.855544
0.321995 -0.0786041 0.943473
0.140965 -0.120638 0.982637
-0.251163 0.640941 0.725335
0.0394288 0.0345003 0.998627
0.510606 -0.586585 0.628649
0.20459 0.11917 0.971566
-0.10247 0.593111 0.798573
-0.642447 0.0401139 0.765279
-0.279353 0.0184937 0.96001
-0.048282 0.230595 0.971851
-0.849475 0.145361 0.50721
-0.00364118 -0.078929 0.996874
-0.545556 0.126604 0.828456
-0.271139 -0.592684 0.758426
0.569542 0.070127 0.818965
-0.0265613 -0.112403 0.993308
0.418501 0.394662 0.817984
-0.189212 -0.0973028 0.977103
-0.140146 0.0956178 0.985503
-0.802572 0.209572 0.558531
-0.105308 0.601862 0.791626
0.73413 -0.314848 0.6016
0.368287 0.399467 0.839518
0.707927 0.15911 0.68813
0.0117247 0.640084 0.768215
-0.257719 0.461468 0.848898
-0.500597 0.14659 0.853179
0.145266 0.420315 0.895675
-0.166747 -0.138697 0.976196
-0.13574 -0.0204148 0.990534
-0.364462 0.194983 0.910576
0.576898 0.529322 0.622099
0.722053 -0.140459 0.67743
0.684171 0.311696 0.659361
0.262523 -0.338806 0.903489
-0.812426 0.0409281 0.581626
0.0684399 0.0680122 0.995334
0.365558 -0.452534 0.813376
-0.172519 0.0893655 0.980944
0.316613 0.459773 0.829678
0.332765 -0.354469 0.873853
-0.085906 0.105948 0.990654
-0.600451 0.0147261 0.799526
0.464723 -0.692735 0.551498
-0.0895296 -0.0772116 0.992987
-0.486162 0.0448057 0.872719
0.635304 0.500692 0.58796
0.66344 -0.0567752 0.746072
-0.0699736 -0.834146 0.547087
0.00741001 0.312467 0.9499
0.543932 0.0668008 0.836466
0.258794 0.207777 0.943321
-0.133076 0.458232 0.878814
0.0858865 0.0437779 0.995343
0.395539 -0.581392 0.711008
0.230718 0.127056 0.96469
0.494086 0.230514 0.838297
0.0144669 -0.0819751 0.996529
-0.157829 -0.714061 0.682061
-0.428864 -0.650737 0.626591
-0.545294 0.128292 0.828369
-0.0853325 -0.00735871 0.996325
0.417022 0.165786 0.893648
-0.595585 0.175316 0.783928
-0.0912609 -0.60251 0.792877
0.392176 -0.494817 0.77547
0.356835 -0.244757 0.901534
0.256023 -0.529401 0.808818
0.0172069 0.113142 0.99343
0.326117 0.777887 0.537158
-0.662399 -0.345788 0.664574
-0.528419 0.440963 0.725483
0.832838 -0.1814 0.522948
-0.282571 0.645376 0.709678
0.050858 0.00815493 0.998673
-0.107081 -0.603222 0.790352
-0.0739498 -0.08026 0.994027
0.298859 0.236815 0.924447
-0.269701 0.257934 0.927756
-0.195145 -0.175056 0.965025
0.779067 0.186981 0.598408
-0.405291 0.486627 0.773908
0.506598 0.272277 0.818061
