-0.0294176 -0.129379 0.991159
-0.847329 0.159053 0.506692
-0.00239662 -0.0385051 0.999256
-0.0116406 0.0131686 0.999846
0.212249 0.790419 0.57462
0.538959 -0.677732 0.500203
-0.600905 0.260267 0.755761
0.326877 -0.0582613 0.943269
0.00691178 -0.0481322 0.998817
0.00294441 -0.139838 0.99017
-0.207156 0.40343 0.891252
-0.204898 0.591679 0.7797
0.714093 -0.378581 0.588853
-0.0724559 -0.269675 0.960222
-0.534949 -0.568615 0.624905
-0.477826 -0.262418 0.838343
-0.587411 -0.182373 0.788472
0.0909867 0.0225667 0.995596
-0.226158 0.666084 0.710764
0.215199 -0.386355 0.896894
0.188559 0.185324 0.964417
-0.100967 -0.0405905 0.994061
-0.767357 -0.174648 0.616978
-0.205339 0.362153 0.90922
-0.0360939 0.0327001 0.998813
0.147899 0.271822 0.950915
-0.308183 -0.517862 0.798024
-0.329764 -0.426202 0.842382
-0.089504 0.0100573 0.995936
-0.575188 -0.552723 0.603039
-0.23419 0.533832 0.812514
-0.394287 -0.44467 0.804243
-0.000375502 0.723397 0.690432
-0.244014 0.507416 0.82643
0.174114 0.101534 0.979477
-0.0603687 0.0966248 0.993488
0.562833 0.463424 0.684439
0.000292009 -0.00621773 0.999981
-0.204689 -0.128558 0.970348
-0.341575 0.760654 0.552025
-0.411488 0.454436 0.790042
0.380881 -0.0243772 0.924303
-0.36416 -0.35874 0.859473
0.212221 0.430308 0.877381
-0.367829 0.39826 0.840292
-0.0278809 -0.0300838 0.999158
0.46361 -0.315411 0.827999
0.541002 -0.209944 0.814396
0.286527 -0.669327 0.685495
-0.444762 -0.689737 0.571357
0.50962 0.240464 0.826114
0.291135 0.044706 0.955637
-0.0905325 0.305493 0.947881
-0.371029 0.150308 0.916376
-0.20507 -0.193445 0.95944
0.0147345 -0.510071 0.860006
0.805593 -0.315337 0.50158
0.506004 0.136285 0.851696
0.187693 0.155511 0.969839
-0.488259 -0.320677 0.811646
-0.0155636 -0.00879916 0.99984
0.449978 -0.637818 0.625067
0.173328 0.0549445 0.98333
0.00415819 -0.0170105 0.999847
0.213078 0.538441 0.815278
0.735441 -0.23607 0.635136
0.338279 -0.697904 0.631266
-0.559066 0.655229 0.508055
0.304443 0.548131 0.779017
0.473601 -0.594008 0.650275
0.00195943 0.0435478 0.999049
0.688806 0.0485582 0.723317
0.497781 0.277035 0.821867
-0.413618 -0.0619087 0.908343
-0.128452 0.0340093 0.991132
0.045747 0.499993 0.86482
0.595109 -0.0789701 0.799755
-0.0321462 0.0249374 0.999172
0.387284 -0.701292 0.598499
0.791439 -0.0986429 0.603236
-0.251656 0.0228144 0.967548
0.00484887 -0.0273884 0.999613
-0.234559 0.796992 0.556584
-0.0199479 0.192475 0.981099
-0.091862 0.655089 0.749946
0.266564 0.298953 0.916281
0.384589 -0.593062 0.707368
-0.100644 -0.536384 0.837952
0.386251 0.335607 0.859173
-0.728916 -0.41052 0.547864
-0.722165 0.376365 0.580368
-0.047383 -0.0784796 0.995789
-0.165045 0.357263 0.919306
0.178212 -0.462347 0.868605
0.0188058 -0.082085 0.996448
-0.640891 0.44725 0.62388
