0.633776 0.435597 0.639205
-0.596428 0.24222 0.765247
-0.514467 0.57103 0.639725
-8.52293e-05 -0.02728 0.999628
0.304391 0.688488 0.658279
-0.770865 -0.341489 0.537729
0.260185 0.736967 0.623846
-0.330686 -0.482452 0.811102
-0.160335 -0.179608 0.970584
0.245714 -0.536136 0.807578
-0.493587 -0.573262 0.65402
0.586718 0.0259599 0.809375
-0.143426 -0.0436084 0.9887
0.0699302 0.39541 0.915839
-0.10246 -0.270374 0.957288
0.145294 0.354154 0.923831
-0.0135083 0.012836 0.999826
0.620369 0.466704 0.630341
-0.0645414 -0.531921 0.844331
-0.288517 -0.38106 0.87838
0.356831 0.105331 0.928212
0.571558 0.169538 0.802856
-0.749718 -0.000666076 0.661757
0.474802 0.662576 0.579273
-0.13751 0.328864 0.934312
-0.0261285 0.837518 0.545785
-0.316318 -0.157723 0.93545
0.323596 0.646764 0.690639
-0.312554 -0.440616 0.841527
-0.322377 -0.123195 0.938561
0.0640964 0.365174 0.92873
0.447271 -0.449292 0.77336
-0.091821 0.176877 0.97994
-0.110772 0.126112 0.985812
-0.0588711 -0.0974148 0.993501
-0.307135 0.237494 0.921556
-0.0434345 0.289573 0.95617
0.0243419 0.0396361 0.998918
0.0217704 0.477572 0.878323
0.71651 -0.163611 0.678118
0.38887 -0.475229 0.789264
-0.230704 0.470004 0.851981
0.0436046 0.153917 0.987121
0.18404 0.841242 0.508371
0.116179 -0.523779 0.843894
-0.0515265 0.174258 0.983351
0.221176 -0.427668 0.876459
-0.569918 0.636814 0.519289
-0.0594727 0.665061 0.744417
-0.765779 0.0122745 0.642987
-0.129625 -0.52808 0.839243
-0.510006 0.0172548 0.859997
0.408285 0.00932846 0.912807
-0.0850864 0.470975 0.878033
-0.652857 -0.304847 0.693431
-0.773106 -0.293116 0.562486
0.0163434 -0.0746411 0.997077
0.41594 0.363701 0.833496
0.00222785 -0.00586473 0.99998
0.0903262 -0.29186 0.952186
0.0568026 0.125962 0.990407
-0.228525 0.404313 0.885611
-0.201988 -0.528546 0.824524
-0.234569 -0.619856 0.748836
0.446108 0.295272 0.844868
0.618659 0.145375 0.772093
0.295383 -0.702555 0.64743
0.0768692 0.00989797 0.996992
0.0206503 0.0654452 0.997642
0.116706 0.385863 0.915144
0.424043 -0.185675 0.886404
-0.590677 0.623791 0.511845
-0.0253761 -0.727199 0.685957
-0.206087 0.163775 0.964731
-0.0309705 -0.811054 0.584151
0.10735 0.567616 0.816265
-0.0159165 0.0333202 0.999318
0.686862 0.230949 0.689118
-0.219976 0.642034 0.734441
-0.464125 0.386358 0.797067
-0.169332 0.20419 0.964175
0.00607657 -0.168295 0.985718
-0.0278631 -0.185022 0.982339
-0.134763 0.0934951 0.986457
0.278351 0.222356 0.934387
-0.393152 -0.488621 0.778897
-0.334938 -0.618334 0.710971
-0.471493 0.0722556 0.878905
0.833127 -0.0249556 0.552518
-0.246859 0.658201 0.711219
0.439717 -0.372442 0.817274
0.361909 -0.711012 0.602897
0.548949 0.108562 0.828776
0.0389088 0.0438083 0.998282
-0.319686 0.216118 0.922548
0.179879 -0.388477 0.903731
