0.050825 -0.616531 0.785688
0.255447 -0.232562 0.938436
-0.0520063 0.319179 0.946266
-0.183426 0.229242 0.95593
0.186327 0.0744252 0.979665
-0.590211 -0.404025 0.698867
0.176888 0.718609 0.672541
-0.087727 -0.300333 0.949792
-0.0324246 -0.841024 0.540026
0.159391 0.40269 0.901352
-0.304801 0.00539019 0.952401
0.151134 0.0181323 0.988347
0.321191 -0.317026 0.892374
-0.639929 0.335161 0.69149
-0.132579 0.15073 0.979645
0.576062 -0.554677 0.600405
0.0954164 -0.0882339 0.991519
0.284674 0.0198185 0.95842
0.694312 -0.489402 0.527652
-0.0987634 -0.208223 0.973082
-0.0410292 -0.0458533 0.998105
0.250703 0.15312 0.955878
0.844004 0.0603077 0.532936
-0.792159 -0.170327 0.586066
-0.000891354 -0.025912 0.999664
-0.790598 -0.219295 0.571721
0.342857 -0.0597302 0.937487
0.38938 0.249195 0.886727
-0.69777 -0.213433 0.683786
0.342702 0.532842 0.773715
-0.551828 -0.633723 0.542109
0.469052 0.694603 0.545451
0.29256 0.292173 0.910518
-0.591556 0.375816 0.713319
-0.0181757 0.0142706 0.999733
0.635166 0.223227 0.739414
0.622392 -0.141675 0.769776
0.0548863 -0.154621 0.986448
0.781931 -0.0367201 0.622283
0.766525 -0.0225637 0.641819
0.725796 0.457635 0.513605
0.254429 0.289735 0.92267
-0.430923 -0.168943 0.886433
0.7208 0.086848 0.687681
0.0303971 -0.344329 0.938357
0.1764 -0.303614 0.936323
0.673205 0.442684 0.592306
-0.0187714 -0.785608 0.618439
-0.640509 -0.475134 0.60332
0.474488 -0.396216 0.786049
0.00424878 -0.100334 0.994945
-0.599527 0.144589 0.787186
-0.289039 0.329321 0.89889
-0.362622 0.0566539 0.930212
-0.159581 -0.654417 0.739103
0.344939 -0.165872 0.923853
0.424317 -0.566148 0.706705
0.10153 0.239391 0.9656
0.354765 -0.522428 0.775378
0.131543 -0.371665 0.919
0.222862 0.541573 0.810575
0.573864 0.582203 0.575951
0.508359 0.2617 0.820417
-0.0417911 -0.0239936 0.998838
-0.0466986 -0.110689 0.992757
0.00487716 0.738048 0.67473
-0.296861 -0.120949 0.94723
0.0173562 -0.20235 0.97916
-0.322566 0.446718 0.834503
-0.208436 -0.15267 0.966047
-0.0932529 -0.345863 0.933639
-0.231334 0.177341 0.956575
0.000217071 0.0318669 0.999492
-0.236413 0.498739 0.833888
-0.354963 0.305751 0.883469
-0.556402 -0.552688 0.620446
-0.379631 -0.260108 0.88782
-0.359881 -0.723683 0.588871
0.750884 -0.103034 0.652348
0.289882 0.044674 0.956019
-0.492781 -0.642415 0.586915
-0.727792 -0.0079958 0.685751
0.107447 -0.191734 0.975548
-0.00144951 0.132781 0.991144
-0.308105 -0.198204 0.930476
-0.00682015 0.0251154 0.999661
0.30072 0.150325 0.941791
0.214967 0.157157 0.963894
-0.693467 -0.0761609 0.716452
0.418897 -0.186154 0.888747
0.0127202 0.0844923 0.996343
-0.20848 -0.12327 0.970227
0.695747 -0.330448 0.637761
-0.414115 -0.582105 0.699759
0.132326 -0.2939 0.946632
0.778149 -0.359271 0.515178
