0.320382 0.428256 0.844957
0.551768 -0.352722 0.755738
-0.311501 0.278452 0.908533
-0.418002 -0.696779 0.582901
-0.417678 -0.609893 0.673481
-0.0223726 -0.043517 0.998802
-0.000997999 0.0413833 0.999143
0.064669 0.101072 0.992775
-0.6871 0.254035 0.680706
0.435928 0.138055 0.88933
0.577582 -0.203545 0.790549
0.198153 -0.213235 0.956695
0.135622 0.652571 0.745492
0.0753626 0.243882 0.966872
0.706521 -0.21293 0.674899
-0.228381 -0.179582 0.956866
0.00931911 0.0100876 0.999906
0.405541 0.41715 0.81334
-0.181621 0.672663 0.717314
0.380533 0.151495 0.912274
0.125298 -0.216311 0.968251
0.825002 0.0113146 0.565016
0.205873 0.0506883 0.977265
0.306205 0.630295 0.713419
0.429101 0.361458 0.82778
-0.432221 0.704122 0.563381
-0.815735 -0.0790468 0.572999
0.375137 0.612097 0.696139
-0.101155 0.135082 0.985657
-0.0669701 0.513625 0.855397
-0.290928 -0.480739 0.827194
-0.4539 0.229564 0.860974
-0.51762 0.427258 0.741296
-0.69111 -0.358846 0.627373
-0.585833 -0.0607498 0.808152
-0.107157 -0.0193434 0.994054
0.19499 0.193594 0.96151
0.502726 -0.0624918 0.862184
0.697124 0.0640677 0.714082
0.657979 0.398232 0.63912
-0.127067 0.76133 0.635791
0.391213 -0.0190016 0.920104
0.750669 0.373257 0.545138
-0.129548 0.376195 0.917439
-0.434599 -0.0348136 0.899951
0.295105 0.0717792 0.952765
0.598649 0.617108 0.510683
-0.445416 0.179778 0.877089
-0.0185176 0.260079 0.96541
0.00932999 0.500529 0.865669
0.698753 0.200335 0.686739
-0.458016 -0.548696 0.699396
-0.367928 0.0263741 0.92948
0.591744 0.121771 0.796875
-0.0246255 0.0426734 0.998786
-0.0467566 0.0030089 0.998902
0.219272 -0.0760326 0.972697
-0.0306421 -0.220865 0.974823
-0.0763177 0.0539116 0.995625
-0.5521 -0.0267311 0.833349
-0.407001 -0.690786 0.597633
-0.0384092 -0.0647906 0.997159
-0.464108 -0.56867 0.67913
0.202801 0.312465 0.928029
0.434537 0.716769 0.545362
-0.200118 -0.62761 0.752369
0.257846 0.0726587 0.96345
-0.135268 -0.0604499 0.988963
-0.476646 0.24984 0.842845
-0.406871 0.612242 0.67795
-0.0154222 0.27972 0.959958
0.623743 -0.0772974 0.777798
-0.131979 0.103883 0.985794
-0.110267 0.357915 0.927221
0.522592 0.0587289 0.850558
-0.0027922 0.140481 0.990079
-0.220798 -0.012396 0.975241
0.701342 -0.284738 0.653486
-0.609623 0.404533 0.681699
0.485343 0.331421 0.809075
-0.426516 -0.077399 0.901162
0.167826 0.0917838 0.981535
0.0840249 -0.0635987 0.994432
-0.181832 0.217525 0.958968
-0.383469 0.0476351 0.922324
-0.0706627 -0.243608 0.967296
-0.554519 -0.663131 0.502759
0.245237 -0.570147 0.784086
0.547233 0.0375189 0.836139
0.0104879 0.154149 0.987992
-0.383403 -0.410766 0.827208
0.467104 -0.412111 0.78229
0.161738 -0.815571 0.555594
-0.371635 0.0234617 0.928083
-0.206919 -0.595147 0.776521
-0.0658897 -0.133049 0.988917
