-0.17015 -0.322063 0.931302
-0.535645 -0.367098 0.760476
0.104044 -0.815854 0.568821
-0.0206971 -0.468037 0.883466
-0.115609 0.209031 0.971051
-0.296288 0.217003 0.93012
-0.485228 0.675036 0.55577
-0.612502 0.520966 0.594505
-0.106046 0.240019 0.964959
0.136531 -0.0735335 0.987903
0.52493 -0.52767 0.667842
-0.564829 0.0993103 0.819211
-0.483964 -0.105369 0.868721
0.593304 0.626779 0.505113
-0.195231 0.025745 0.980419
-0.0547976 0.0214742 0.998267
0.185967 0.0284798 0.982143
-0.452844 0.0886183 0.887175
0.126401 0.0207742 0.991762
0.695666 -0.0670836 0.715226
0.52832 -0.324334 0.784656
0.311469 0.351432 0.882883
-0.173538 0.0522809 0.983439
0.189096 0.108816 0.975911
-0.351075 0.770893 0.531479
-0.000644553 -0.0184496 0.99983
0.39306 -0.647022 0.65335
0.180695 -0.701321 0.689564
-0.828963 0.190787 0.525758
-0.430558 0.514663 0.741446
0.50963 -0.619155 0.597431
0.338717 -0.253157 0.906191
0.482679 -0.541985 0.687948
-0.460369 0.051584 0.886228
0.196567 -0.71731 0.668452
0.0620641 0.222472 0.972962
0.148875 -0.349231 0.925134
-0.180751 -0.797865 0.575101
-0.185701 0.0478542 0.98144
-0.480099 -0.250151 0.840791
-0.185782 -0.179132 0.966125
0.147674 0.153403 0.977067
0.0857635 -0.0412244 0.995462
0.00811179 -0.000315187 0.999967
0.380994 0.438588 0.813932
-0.112019 -0.673509 0.730641
-0.573058 0.392096 0.719629
-0.265871 0.228198 0.93661
-0.467031 0.519886 0.715262
-0.71113 0.275393 0.64688
-0.508258 -0.0025711 0.861201
0.585759 0.0477404 0.809078
0.553306 0.0152065 0.832839
-0.309341 0.490116 0.81492
-0.0846213 -0.220083 0.971804
-0.259653 -0.265767 0.928412
-0.22791 -0.680261 0.696636
0.511444 -0.674344 0.532621
0.0845878 0.241406 0.966731
-0.00222694 -0.00965207 0.999951
0.445127 -0.690147 0.570578
-0.286327 0.630461 0.721481
-0.0755129 -0.0302935 0.996685
0.107777 -0.162906 0.980737
-0.0882545 0.0385908 0.99535
0.392453 -0.647346 0.653394
-0.438179 -0.306522 0.845011
-0.166078 0.153036 0.974165
0.139585 0.650535 0.746539
0.333089 0.512142 0.791683
-0.162126 0.31417 0.935421
-0.673605 -0.143602 0.725007
-0.0173582 0.0373393 0.999152
0.642424 0.495961 0.584221
0.439267 -0.447616 0.778899
0.454961 -0.436784 0.776035
-0.843927 0.102496 0.526576
-0.849358 0.0841865 0.52106
-0.149897 0.331381 0.931514
0.0756085 -0.0644844 0.99505
0.436718 0.326472 0.838268
0.17547 -0.0932389 0.98006
-0.000745573 0.00787065 0.999969
0.36467 -0.633639 0.682288
0.125731 0.1413 0.98195
-0.428192 0.481467 0.764749
0.536372 0.615769 0.577178
0.191501 0.114619 0.974777
0.839151 0.0168062 0.543639
-0.346899 -0.756332 0.554637
-0.316245 0.427933 0.846677
-0.0509081 0.101993 0.993482
-0.252239 -0.797798 0.547625
0.16747 -0.676303 0.717334
0.715959 -0.478255 0.5086
0.669363 0.363799 0.647769
