0.221754 -0.407385 0.885925
0.197464 -0.048531 0.979108
0.495493 0.0109947 0.868542
0.221252 0.0239541 0.974922
-0.200793 0.311229 0.92888
-0.030021 -0.0181819 0.999384
0.149915 0.105383 0.983067
0.59854 0.493551 0.630997
-0.151041 0.512461 0.845323
-0.123625 -0.567534 0.814016
0.484656 0.507355 0.71253
0.251727 -0.181603 0.950607
0.393281 0.414322 0.820773
0.264684 0.487586 0.831987
0.0619869 -0.238663 0.969122
0.185224 -0.817075 0.545967
-0.739909 0.227749 0.632981
-0.00816322 0.134801 0.990839
-0.221503 0.410624 0.884491
0.411117 -0.669023 0.619186
0.141272 0.0808491 0.986664
0.0165304 -0.032516 0.999335
0.264434 0.765026 0.587205
-0.0515294 -0.254812 0.965617
-0.198004 0.16413 0.966362
-0.159532 0.738774 0.6548
-0.132597 -0.297094 0.945597
-0.0330456 -0.101817 0.994254
-0.173591 0.104225 0.979287
0.540431 0.429929 0.723253
0.234395 -0.794469 0.560249
0.375957 0.531795 0.758848
0.614988 -0.573941 0.540724
0.000401645 -0.101728 0.994812
0.354396 0.508391 0.78482
-0.191426 -0.277498 0.941462
-0.856146 0.0970509 0.507539
0.414986 0.58831 0.69403
0.246873 -0.362829 0.898559
-0.761931 -0.298969 0.574525
0.557832 0.348394 0.753289
-0.128862 0.80521 0.578819
-0.310604 -0.329127 0.89174
-0.151688 0.762147 0.629382
0.0535466 -0.0133186 0.998477
-0.839604 0.0844331 0.536597
-0.550314 -0.252276 0.795934
0.310911 -0.479596 0.820562
-0.102621 0.435151 0.89449
-0.298414 0.136692 0.944598
0.367445 0.535338 0.760525
0.255158 -0.463477 0.848577
-0.178653 -0.320375 0.930292
-0.767961 0.111458 0.630724
0.108084 -0.171694 0.979203
-0.281892 -0.121219 0.951758
0.0754345 0.220032 0.972572
-0.346801 -0.115138 0.930845
0.613727 0.077353 0.78572
-0.508568 0.54179 0.669196
0.136936 0.580076 0.80297
0.309001 0.643593 0.700219
-0.0593262 0.645958 0.761064
0.629476 0.421766 0.652589
0.0137276 0.860206 0.509762
0.0865595 -0.71143 0.697406
0.580656 0.53461 0.614029
0.0940966 -0.134883 0.986383
-0.124739 0.0560712 0.990604
0.491812 0.332907 0.804546
0.00112972 -0.00093768 0.999999
0.0506125 -0.19465 0.979566
0.260633 -0.542136 0.798849
-0.023977 -0.0593363 0.99795
0.289248 -0.601638 0.744559
0.071289 0.112549 0.991086
0.0040769 0.0233209 0.99972
0.293264 0.23544 0.926587
-0.0813016 -0.000252443 0.99669
0.0981268 -0.0599539 0.993366
0.0319703 -0.0337771 0.998918
0.551594 0.120919 0.825302
0.556942 -0.0119317 0.830466
0.586876 -0.426167 0.688446
-0.732585 0.135839 0.666983
0.0398138 0.739094 0.672424
-0.201289 0.0553168 0.977969
-0.023586 -0.231299 0.972597
0.125646 0.175573 0.976416
-0.0662886 0.407469 0.91081
0.728316 0.36558 0.579574
-0.23213 0.325428 0.916631
0.210148 0.695199 0.687413
0.31624 0.697989 0.642498
0.472786 0.209875 0.855819
-0.393253 0.253247 0.883865
