0.473733 0.590709 0.653176
0.775216 -0.204189 0.597785
-0.384698 -0.304176 0.871484
-0.0481599 -0.765474 0.641662
0.577315 -0.394069 0.715135
-0.229451 0.101386 0.968025
-0.20408 0.695038 0.689401
0.011834 0.256182 0.966556
0.843251 0.139903 0.518995
-0.162637 -0.0149421 0.986573
-0.356294 -0.677557 0.643406
0.582702 -0.343906 0.736334
-0.37571 0.198733 0.905178
-0.529686 -0.197939 0.824774
0.0400134 0.128991 0.990838
-0.149934 -0.0606628 0.986833
0.649836 -0.018832 0.759841
-0.412846 0.295055 0.861685
0.108213 -0.268716 0.957122
0.0903002 0.0328883 0.995371
-0.00115686 0.507175 0.861842
0.106541 -0.605114 0.788978
0.63637 -0.517272 0.572244
0.674067 0.4082 0.615634
0.0437435 -0.855007 0.516768
0.414088 -0.640168 0.647083
-0.232367 0.321066 0.918108
0.135242 0.501145 0.85473
0.49096 0.186759 0.850929
0.16779 -0.684242 0.70969
-0.486014 0.676681 0.553076
-0.527788 0.00967444 0.849321
-0.311348 -0.398384 0.862759
-0.406194 -0.3136 0.85829
0.188522 0.227111 0.955448
-0.0971713 0.00606756 0.995249
-0.0443672 -0.0520382 0.997659
-0.371182 0.679668 0.632673
-0.176415 0.0103028 0.984262
0.284 0.36102 0.888261
0.251446 -0.376091 0.891813
0.532729 -0.46807 0.705061
0.198555 -0.830311 0.52073
-0.80508 -0.0323658 0.592282
-0.0444244 -0.0142247 0.998911
-0.667066 -0.412624 0.620294
0.741654 -0.40208 0.536918
-0.315363 0.768428 0.556834
-0.0328244 0.75571 0.654083
0.837959 -0.0299868 0.544909
-0.00806885 -0.307042 0.951662
-0.0409737 0.720579 0.692162
0.0434426 0.579759 0.813629
0.54933 0.570896 0.610176
-0.0455456 0.121049 0.991601
-0.00549247 -0.349018 0.9371
0.719882 -0.241499 0.650729
-0.50419 0.671262 0.543324
-0.267675 0.124072 0.955487
0.459835 0.266042 0.847215
0.365113 0.385528 0.847385
0.152599 -0.465034 0.872042
-0.459421 -0.0792971 0.884672
0.20835 0.187921 0.959831
0.109673 0.102358 0.988683
0.266357 -0.195265 0.943888
0.29686 -0.516049 0.803472
0.108946 -0.105547 0.988428
0.0561231 0.125119 0.990553
-0.803021 -0.127936 0.582056
0.25865 0.539475 0.801291
-0.0291779 0.0831149 0.996113
-0.15287 -0.134941 0.97899
0.537442 0.234785 0.809958
0.350908 -0.0714134 0.933683
0.127669 0.812395 0.56896
0.245089 0.698416 0.672419
0.104067 0.173659 0.979292
0.0880835 0.0154683 0.995993
0.282814 -0.0663521 0.956877
0.239888 -0.48224 0.842554
0.29759 0.067102 0.952333
0.616329 0.392553 0.682672
0.171179 -0.0822923 0.981797
0.347879 0.0684987 0.935034
-0.162716 -0.0870224 0.982828
-0.342886 -0.742863 0.574964
-0.25383 0.405015 0.87837
-0.124699 -0.42955 0.894392
-0.208989 -0.0815487 0.974512
0.222825 0.139861 0.964774
0.137448 0.422203 0.896021
0.672925 0.528479 0.517573
-0.153418 -0.307192 0.9392
0.0213531 -0.243175 0.969747
0.147685 -0.0675986 0.986722
