0.00403947 0.00857238 0.999955
-0.561092 0.657906 0.50233
-0.225304 0.174783 0.958483
0.49321 -0.222103 0.841079
-0.165765 0.550001 0.818548
-0.523718 -0.360038 0.77207
0.591006 0.0558451 0.804732
-0.13374 -0.143404 0.980586
-0.402575 -0.693326 0.597689
-0.512211 0.201938 0.834782
-0.243347 -0.022636 0.969675
-0.0424387 0.0511903 0.997787
-0.172996 -0.658019 0.732859
0.628363 0.531205 0.568314
-0.427045 0.465132 0.775426
0.0664375 -0.0150935 0.997676
-0.453016 -0.00210501 0.8915
-0.00490517 0.38067 0.924698
-0.155604 0.0301657 0.987359
-0.0896167 -0.595487 0.798351
-0.00964808 0.104938 0.994432
-0.337037 0.344236 0.876303
0.0180054 0.0189865 0.999658
-0.56266 -0.442638 0.698202
0.14272 0.717862 0.6814
-0.542592 0.274747 0.793793
0.543472 0.39452 0.74094
-0.695308 -0.16642 0.699179
-0.189985 0.135892 0.972337
0.480762 -0.295714 0.825482
-0.0186349 -0.127226 0.991699
0.00749823 0.0212486 0.999746
0.668296 -0.287442 0.686117
-0.387578 0.175382 0.905
-0.34463 -0.19801 0.917618
-0.270486 0.10762 0.95669
-0.660023 -0.23588 0.713253
0.0210463 -0.0125048 0.9997
-0.0482415 0.452579 0.890418
-0.576078 0.563605 0.592017
0.556931 0.434304 0.70796
-0.646407 -0.338833 0.68363
0.11391 0.0178776 0.99333
0.142634 -0.26631 0.953276
-0.0139504 0.00834675 0.999868
0.459705 -0.101423 0.882261
0.275505 -0.323196 0.90534
0.089383 0.235085 0.967856
0.47008 0.591459 0.655135
-0.523681 0.02879 0.851428
-0.119847 -0.164888 0.979004
-0.00494518 -0.000533487 0.999988
0.492645 -0.354595 0.79471
0.371004 -0.420993 0.82772
0.721055 0.188059 0.666868
0.495968 0.569254 0.655718
-0.184349 0.117403 0.975824
-0.0818825 -0.00204565 0.99664
-0.121763 -0.716212 0.687178
-0.343837 -0.740761 0.577104
0.699087 0.439512 0.564009
0.678684 0.530894 0.507483
0.21589 -0.655147 0.723998
0.269932 -0.601336 0.752018
0.259127 -0.454884 0.852018
-0.0953346 -0.156471 0.983071
0.296911 0.316227 0.901024
0.0176279 0.280758 0.959617
-0.417748 -0.738911 0.528675
0.768064 0.206693 0.606099
-0.00711884 -0.00481511 0.999963
-0.599525 -0.250504 0.760143
0.153754 -0.0881726 0.984167
-0.204289 -0.11162 0.972526
-0.419385 -0.10668 0.901518
-0.629713 -0.110424 0.76894
-0.11768 0.561238 0.819246
-0.0735224 0.0238816 0.997008
-0.601491 -0.124562 0.789109
0.163538 0.462669 0.871317
-0.206449 0.745224 0.634051
0.375545 -0.655808 0.654891
0.161428 -0.190913 0.968242
-0.0710764 -0.0893781 0.993458
0.0319997 -0.0480333 0.998333
-0.803173 0.319809 0.502629
-0.395067 -0.515388 0.760458
-0.343137 -0.731177 0.589608
-0.159041 -0.613207 0.773747
0.377258 0.078493 0.922776
0.19995 -0.73187 0.651449
-0.0650969 -0.0223281 0.997629
0.00413372 0.000379418 0.999991
-0.0430433 0.0968247 0.99437
-0.38499 -0.423953 0.819784
-0.620665 0.349366 0.701939
