0.531056 -0.201195 0.823104
-0.709056 -0.257963 0.656274
-0.776728 0.0577644 0.627181
0.772822 -0.135151 0.620064
-0.340568 0.438529 0.831688
-0.38735 -0.248867 0.887708
0.200122 0.429887 0.880425
-0.322441 0.176255 0.930035
-0.0147406 0.0111853 0.999829
-0.192302 -0.228335 0.954402
-0.429372 -0.014785 0.903007
0.414719 -0.577155 0.703492
0.366572 0.0792079 0.927012
-0.0206501 0.00323097 0.999782
-0.0552935 0.427216 0.902457
-0.0730632 0.645593 0.760178
-0.345666 -0.0221076 0.938097
0.643791 0.531561 0.550433
0.344092 0.250282 0.904964
-0.132968 -0.852947 0.504779
-0.292217 0.218884 0.930967
0.0691031 -0.0468794 0.996507
-0.0559596 0.425944 0.903017
0.311476 -0.560953 0.767017
-0.0644521 -0.0833321 0.994435
-0.00492253 -0.463264 0.886207
0.611053 0.461981 0.642797
0.459086 -0.0635207 0.886118
-0.399015 0.587733 0.703815
-0.269896 -0.571069 0.775265
-0.410583 0.289411 0.864675
0.635926 0.489764 0.59643
0.0937579 -0.414474 0.905219
-0.0254798 -0.202253 0.979002
0.197312 -0.724266 0.660686
0.478032 0.112489 0.87111
0.346561 0.311659 0.88474
-0.255171 0.0851915 0.963136
0.399502 0.199497 0.894762
0.249747 -0.651107 0.716719
0.274363 0.331447 0.902701
0.788698 -0.168099 0.591353
-0.673218 0.0947816 0.733345
-0.151249 0.221014 0.963471
0.0877775 -0.423583 0.901595
-0.0956487 0.654959 0.749586
0.115301 0.0899081 0.989253
0.0109268 -0.594469 0.804044
0.712332 0.417947 0.56383
-0.109086 -0.820843 0.560639
0.103368 -0.776247 0.621897
0.494385 0.652383 0.574438
-0.76264 0.117547 0.636053
-0.248132 0.130922 0.959838
-0.522139 -0.065274 0.850359
-0.479115 -0.532325 0.69791
0.0486472 -0.067849 0.996509
-0.0835231 0.149555 0.985219
-0.464925 0.00400029 0.885341
0.0332666 -0.0358613 0.998803
-0.0292426 0.0394362 0.998794
0.538762 0.120822 0.833749
0.0202586 -0.172139 0.984864
0.0291021 0.0119334 0.999505
0.311054 -0.797719 0.516614
0.691578 -0.506124 0.515324
-0.341988 -0.583168 0.736858
0.521597 0.547841 0.654069
0.185434 -0.825579 0.532948
0.119081 0.21157 0.970081
-0.0583008 -0.605511 0.793699
-0.152896 0.357844 0.921179
-0.0849863 0.099805 0.991371
0.0383662 -0.557847 0.829057
0.447627 -0.386535 0.806363
0.0658162 -0.0178541 0.997672
-0.789441 0.0118918 0.613711
-0.0274662 0.000594552 0.999623
-0.694765 0.151334 0.703136
0.0654987 0.114364 0.991277
0.358102 -0.506284 0.7845
-0.0123199 0.0978639 0.995124
0.200703 0.824616 0.528893
-0.0636741 0.0575831 0.996308
0.4559 -0.197199 0.86791
0.23267 -0.752601 0.616001
-0.042517 -0.00528149 0.999082
0.601176 -0.39439 0.695014
-0.119666 0.131633 0.984049
0.136406 0.846501 0.514615
-0.246073 -0.618232 0.746483
0.254755 -0.0857768 0.963194
0.0617707 0.0722977 0.995468
0.05363 -0.138756 0.988873
-0.0553396 0.291898 0.954847
-0.241415 -0.0409462 0.969558
