-0.319067 0.110935 0.941217
-0.0444504 0.76815 0.638725
0.583001 -0.398914 0.707797
-0.412485 -0.0984512 0.905629
0.0712949 -0.388263 0.918786
-0.667166 0.0155125 0.744748
0.433845 -0.371127 0.821002
-0.743115 0.22452 0.630373
0.0196707 -0.00349396 0.9998
-0.314466 0.0151571 0.949148
0.540769 0.502319 0.674718
-0.0909197 0.0199908 0.995658
0.0891372 -0.00422152 0.99601
0.0578744 -0.739883 0.670241
0.393727 -0.452235 0.800289
0.330684 0.135481 0.933966
-0.0504501 -0.180534 0.982274
-0.0645126 0.157953 0.985337
-0.664763 -0.314283 0.677728
-0.60332 0.295338 0.740797
0.0213899 0.0495069 0.998545
0.381109 0.73699 0.558213
0.395714 0.607145 0.689047
0.447223 0.676843 0.584701
-0.796921 0.16356 0.581519
-0.000303012 0.00288424 0.999996
0.368273 0.518098 0.771978
-0.251731 -0.516454 0.818478
0.0855991 -0.681312 0.726971
0.595358 -0.0558651 0.801516
-0.537567 -0.363787 0.760711
0.72334 0.0253817 0.690025
-0.797904 0.0972069 0.594894
-0.653049 -0.505423 0.563981
0.110047 0.132238 0.98509
-0.335327 -0.102853 0.936471
0.0279622 0.461177 0.886867
-0.402952 -0.229253 0.886043
0.350851 0.732515 0.583375
-0.110726 -0.508299 0.854033
0.299422 -0.101386 0.948719
0.0249278 -0.071539 0.997126
-0.464141 0.377089 0.801484
0.107993 -0.511302 0.852589
0.184144 0.146428 0.971931
0.238379 0.328792 0.913822
0.416869 0.254397 0.872641
-0.320017 -0.0391829 0.946601
0.828727 -0.0774315 0.554271
0.538372 -0.43473 0.721918
-0.20131 0.0499026 0.978256
0.220232 -0.74874 0.625209
0.42818 -0.133368 0.893798
-0.221577 0.161062 0.96175
-0.451066 -0.673761 0.585307
-0.369486 -0.209238 0.905373
-0.400148 0.356311 0.844348
-0.00705625 0.00658452 0.999953
-0.638348 0.377568 0.670787
0.274831 -0.128989 0.952801
-0.370006 0.0225689 0.928755
0.77275 0.0422822 0.6333
0.0647306 -0.11885 0.9908
0.294685 -0.61896 0.728045
0.388811 -0.519503 0.760882
-0.141289 -0.00466879 0.989957
0.511798 -0.457938 0.726881
0.557034 0.264238 0.787332
0.142798 0.591796 0.793338
-0.546441 -0.395469 0.738245
0.515664 0.652502 0.555276
0.109791 -0.538844 0.83522
0.501784 -0.268284 0.822336
-0.20297 0.0677127 0.976841
0.343784 -0.094858 0.934245
0.245233 -0.613009 0.751053
-0.222115 0.234659 0.946361
-0.0419605 0.106337 0.993444
-0.0430574 0.056874 0.997452
-0.350048 0.402382 0.845905
0.0236922 0.135913 0.990437
0.181546 -0.252504 0.950412
0.454167 0.00406492 0.890907
0.488395 -0.0360396 0.871878
-0.258641 -0.170434 0.950819
-0.174231 0.14502 0.973968
0.062244 0.265879 0.961995
-0.167663 0.0254393 0.985516
0.0254159 -0.121595 0.992254
-0.126455 0.03432 0.991378
-0.498092 0.617133 0.60914
-0.615202 0.0999482 0.782008
0.583404 -0.412254 0.699776
0.0871946 0.339246 0.936648
0.501089 -0.690283 0.521938
0.627146 0.481849 0.611972
