-0.129504 -0.142594 0.981272
-0.355128 0.213794 0.910042
0.696602 -0.0120198 0.717357
-0.00542517 -0.466018 0.884758
-0.130849 -0.819009 0.558662
0.038903 0.0461843 0.998175
0.0274454 0.000661945 0.999623
0.541101 -0.467159 0.699266
-0.174321 0.194062 0.965377
-0.806609 -0.0768116 0.586073
-0.0262534 0.00638322 0.999635
-0.22168 -0.274572 0.935665
0.0876906 0.150005 0.984789
-0.159668 -0.126256 0.979064
-0.00274838 -0.55834 0.829608
0.0645668 0.0082319 0.997879
0.46183 0.0291549 0.886489
0.0187502 -0.0345088 0.999228
-0.070636 -0.0931049 0.993148
0.466667 -0.105731 0.87809
0.554095 -0.397603 0.731362
0.125917 0.166598 0.977952
0.00900201 -0.0364379 0.999295
0.243564 -0.0409424 0.96902
0.257763 -0.119298 0.958815
-0.147403 0.23245 0.961374
-0.358103 0.0687547 0.931147
-0.309554 -0.645833 0.697908
0.22918 -0.0662894 0.971124
0.460586 0.489084 0.740714
-0.0936859 -0.0820562 0.992215
0.0703641 0.425481 0.902228
-0.680671 0.0798106 0.728228
0.0284239 -0.361047 0.932114
-0.0951543 -0.744093 0.661264
-0.345585 -0.0579905 0.936594
0.170968 -0.00781333 0.985246
-0.471015 -0.49059 0.733121
-0.700661 -0.353714 0.619646
-0.740371 0.335236 0.582639
-0.686169 -0.163234 0.708891
-0.550477 -0.479403 0.683482
-0.272701 0.243936 0.930661
0.693845 -0.448429 0.563462
0.028039 0.60898 0.79269
-0.00330475 -0.000842722 0.999994
-0.823317 0.00674121 0.567542
0.0810529 -0.055925 0.99514
0.500201 -0.633653 0.590155
-0.310716 0.349201 0.884033
-0.473996 0.621332 0.623918
-0.255371 0.0221855 0.966589
-0.15885 0.123325 0.97957
-0.446496 0.0588725 0.892847
-0.631077 -0.44079 0.638315
-0.151799 -0.744398 0.650253
0.453106 0.680984 0.575287
0.27991 0.0841256 0.956333
-0.839474 0.00550923 0.543372
-0.228615 -0.0961077 0.968761
0.545141 -0.627055 0.556439
0.04605 0.0306794 0.998468
0.0253138 -0.469998 0.882304
-0.362756 -0.122059 0.923856
-0.035674 0.0384942 0.998622
0.505237 -0.101107 0.857037
0.0552067 0.194823 0.979283
0.0957819 -0.84287 0.529525
-0.717926 0.457374 0.524778
-0.0629215 -0.0543641 0.996537
-0.000239395 0.00584181 0.999983
0.686384 0.243982 0.685091
0.252411 -0.221203 0.941997
-0.490682 -0.133836 0.860999
0.442014 0.349525 0.826109
-0.530023 0.0859858 0.843612
-0.21242 0.195413 0.95744
-0.274592 0.0361691 0.96088
-0.356567 -0.364878 0.860072
-0.32241 0.787917 0.524632
0.458883 0.0823649 0.884671
0.0943325 0.172792 0.980431
-0.196484 -0.725651 0.659413
-0.211845 0.14883 0.965904
0.678974 0.293477 0.672953
0.00287902 0.00198733 0.999994
0.0326977 0.0436347 0.998512
-0.764915 -0.361651 0.533024
0.386324 -0.462743 0.797887
0.093273 0.51462 0.85233
-0.0881157 0.825469 0.557527
-0.693883 -0.295634 0.656603
0.448556 -0.181391 0.875154
0.478623 -0.648115 0.59234
-0.32836 0.0645647 0.942344
0.766242 0.376403 0.520762
