0.218964 0.81882 0.530649
-0.564974 0.582965 0.583915
0.0385352 -0.296818 0.954156
-0.0341598 0.096006 0.994794
-0.468215 0.604923 0.644083
-0.00622679 -0.102573 0.994706
0.776123 -0.0357045 0.62957
-0.0552334 -0.244015 0.968197
0.183857 0.137366 0.973307
0.843112 -0.0615034 0.53421
-0.0573219 0.0490803 0.997149
-0.475537 0.155527 0.865838
-0.643173 0.421059 0.63956
-0.453142 0.0858984 0.88729
-0.524973 0.164086 0.835152
-0.244086 0.0528211 0.968314
-0.619104 0.106846 0.778007
0.395763 0.680803 0.616343
-0.0730485 -0.262246 0.962232
0.664411 -0.139477 0.734237
-0.020003 0.392712 0.919444
-0.371126 -0.103016 0.92285
-0.608815 0.0463229 0.791959
0.749176 0.189906 0.634563
-0.693373 0.0786966 0.716269
0.0618788 0.153622 0.98619
-0.142233 0.617747 0.773407
-0.00177468 0.00148612 0.999997
0.0392769 0.396147 0.917347
-0.0396374 0.0198126 0.999018
0.335501 -0.0333548 0.941449
0.383528 0.507025 0.771902
-0.2388 0.0741992 0.96823
0.427028 -0.739981 0.519688
0.616215 -0.309459 0.724233
0.281947 -0.362944 0.888132
-0.251558 -0.765343 0.592426
-0.00192811 0.00428935 0.999989
-0.748692 -0.0423381 0.661565
-0.00815676 -0.236733 0.971541
-0.0630682 0.823062 0.564439
-0.60069 0.397209 0.693827
0.0590251 0.0903905 0.994156
0.0313136 -0.80398 0.593831
0.0128887 -0.222602 0.974824
-0.242739 0.474098 0.84635
0.0750707 0.0597034 0.995389
-0.809172 -0.18966 0.556121
0.074053 -0.831652 0.550337
0.329023 0.344544 0.879223
0.177337 -0.16534 0.970162
-0.0113557 0.518103 0.855243
0.0288226 0.81418 0.579897
-0.291346 -0.801278 0.522562
-0.0885432 0.161319 0.982922
-0.364429 -0.582674 0.726418
0.385465 -0.124587 0.914273
0.567294 0.110493 0.816069
0.363087 0.525946 0.769122
0.435972 0.348298 0.829829
-0.4839 0.126852 0.865881
0.0747764 0.00374741 0.997193
-0.0592135 -0.784217 0.617655
-0.116162 -0.738532 0.664136
0.117901 0.653481 0.747704
0.11948 0.607391 0.785367
-0.317229 0.187257 0.929678
0.182226 -0.766108 0.616338
-0.0925123 -0.276828 0.956456
-0.132952 -0.0170678 0.990975
-0.446572 0.542443 0.711568
-0.732181 0.0384216 0.680025
0.197695 0.0850865 0.976564
-0.0428702 -0.808676 0.58669
0.602993 -0.288456 0.743769
-0.0232397 -0.00267905 0.999726
-0.440741 0.463769 0.768548
0.621572 -0.297879 0.724511
-0.0634921 0.310724 0.948377
-0.300865 0.466038 0.832039
0.205236 -0.440502 0.873977
-0.270888 0.248761 0.929913
-0.0270862 0.549806 0.834853
-0.027827 -0.200674 0.979263
0.627864 0.282516 0.725239
-0.321278 0.0854099 0.943126
0.535404 0.528611 0.658721
-0.707009 -0.104607 0.699426
0.475041 0.34629 0.808962
-0.0576967 -0.762573 0.644324
-0.117215 0.621268 0.774782
0.00188195 -0.00894187 0.999958
0.248891 0.574599 0.779673
0.0642849 -0.234322 0.970031
-0.260139 -0.544077 0.797689
0.402199 -0.183732 0.896927
