0.740726 0.114553 0.661969
0.525366 -0.208342 0.824975
-0.110641 -0.0464771 0.992773
-0.00640177 0.019005 0.999799
-0.172707 -0.117604 0.977927
0.380005 0.132333 0.915469
-0.433204 -0.141721 0.890084
-0.127881 -0.178594 0.975577
-0.543921 0.627187 0.557482
0.253953 -0.290816 0.922461
0.483291 0.237326 0.842678
-0.0275624 0.105971 0.993987
0.743944 0.00793983 0.668194
0.639773 0.216798 0.737353
0.789344 0.114739 0.603134
0.358543 0.0209778 0.933277
-0.371149 -0.723756 0.581744
0.274015 0.773159 0.571962
0.0763436 0.192177 0.978386
-0.760508 -0.335549 0.555909
0.404501 -0.193635 0.893803
0.195567 -0.0886709 0.976673
-0.288753 -0.553388 0.781271
0.0502253 0.731852 0.67961
0.103841 -0.0641854 0.992521
-0.236512 -0.158966 0.958536
0.0728814 0.0191989 0.997156
-0.170319 0.449127 0.877084
0.72822 -0.437602 0.527447
-0.00889808 0.481338 0.87649
0.0511675 0.0356113 0.998055
0.569497 0.355701 0.741047
0.348361 -0.285174 0.892928
-0.19177 0.362926 0.911871
-0.41719 -0.580192 0.699521
-0.209602 0.0782136 0.974654
0.217471 0.384474 0.897154
-0.00781742 -0.0218108 0.999732
-0.145175 0.235769 0.960904
0.440017 0.0256498 0.897623
-0.0457162 -0.214922 0.975561
-0.0122062 0.0049919 0.999913
0.112693 0.00433165 0.99362
-0.75787 -0.362318 0.542548
0.383568 -0.116661 0.916114
-0.041035 -0.221403 0.974319
0.0545589 0.110312 0.992398
0.24864 0.131532 0.959624
0.588972 -0.0869463 0.803463
0.600396 0.128019 0.78939
-0.199265 -0.644548 0.73814
0.197885 -0.532142 0.823205
-0.363236 0.0662126 0.929341
0.231397 0.0956828 0.968143
0.542218 -0.244166 0.80398
0.672804 -0.185553 0.716173
-0.0821807 0.248624 0.965107
0.798073 0.202976 0.567344
0.275686 -0.513447 0.812631
0.0794824 0.611801 0.787008
0.309971 -0.0945301 0.946035
0.0429597 -0.3225 0.945594
0.102773 0.0382003 0.993971
0.611709 -0.298618 0.732557
-0.0505485 -0.493509 0.868271
0.0882117 0.106805 0.990359
0.488772 -0.264356 0.831395
0.143529 -0.442855 0.885031
0.214768 0.744068 0.632643
0.695644 0.0968711 0.711826
-0.148418 -0.364832 0.919168
-0.453144 0.421093 0.785711
0.317256 -0.12261 0.940381
-0.160709 -0.780035 0.604746
0.351578 0.459956 0.815373
-0.0158477 0.070584 0.99738
-0.276755 0.673907 0.685023
-0.571079 -0.182766 0.800291
0.0363587 0.0103687 0.999285
0.506529 -0.601227 0.618025
0.81349 -0.228653 0.534745
0.369824 0.194852 0.90844
-0.19466 0.433983 0.87964
-0.315593 0.22283 0.92236
-0.362617 -0.717034 0.595291
-0.77071 -0.332831 0.543351
0.759161 -0.164344 0.629813
0.356904 0.298961 0.885009
0.130032 -0.791294 0.597449
-0.480716 0.488577 0.728151
0.544907 0.157809 0.823512
-0.0544145 -0.0121088 0.998445
-0.00795003 -0.00380212 0.999961
-0.0104176 -0.0325577 0.999416
-0.0726108 0.210215 0.974955
0.128301 -0.148017 0.980627
