0.194652 0.610111 0.768033
-0.00719503 0.00414694 0.999966
-0.0349199 0.357639 0.933207
-0.185061 0.627662 0.75617
-0.0414275 -0.0518653 0.997794
0.58575 0.454879 0.670807
0.405452 -0.0280619 0.913686
-0.21159 -0.244751 0.946217
-0.629972 -0.591333 0.503449
-0.131824 -0.572477 0.809255
-0.0486124 -0.37824 0.92443
-0.607867 -0.575902 0.546657
0.263123 -0.111621 0.958283
-0.191147 -0.352346 0.916141
-0.0489706 -0.0307364 0.998327
-0.250554 -0.0799684 0.964794
-0.374835 0.427206 0.822796
-0.12343 -0.468271 0.874921
-0.42351 -0.419819 0.80274
-0.306294 -0.729716 0.611308
0.0903027 -0.859407 0.503255
0.612889 0.280751 0.738611
0.370016 -0.602866 0.706853
0.360345 0.2589 0.896171
0.633974 -0.556217 0.537308
0.713681 0.0193816 0.700203
-0.367443 0.133585 0.920402
-0.71592 0.404371 0.56916
0.509818 0.684686 0.520856
-0.00819367 0.00210402 0.999964
0.334322 -0.654683 0.677951
0.090236 -0.0225322 0.995665
-0.489023 0.508689 0.708585
0.190548 0.0970643 0.976867
-0.221295 0.582258 0.782307
-0.561008 -0.392105 0.729057
-0.0537042 0.240834 0.969079
-0.0776463 0.0862795 0.993241
0.14411 -0.111581 0.983251
-0.0180636 -0.0711274 0.997304
0.52017 0.690737 0.502301
0.499894 -0.503501 0.704693
-0.00016222 0.0206436 0.999787
-0.00651223 -0.00248108 0.999976
-0.146555 0.590472 0.79364
0.0271795 0.0317708 0.999126
-0.201641 -0.0423521 0.978543
-0.443043 0.455037 0.772434
0.0137672 0.0387463 0.999154
0.221928 0.181197 0.958079
0.222401 0.58495 0.779982
0.0421465 0.423657 0.904842
0.740252 0.0499011 0.670475
0.0113064 -0.333123 0.942816
0.112653 0.017579 0.993479
-0.1345 0.732776 0.667045
0.418529 -0.455696 0.785605
-0.0126446 -0.0361927 0.999265
0.128255 0.166354 0.97769
0.181859 -0.412946 0.892414
-0.57764 0.584104 0.570224
0.771914 -0.243937 0.587063
-0.635735 0.50682 0.582215
0.0823559 0.00773241 0.996573
-0.19739 -0.681939 0.70427
0.668851 -0.292547 0.683414
-0.657688 0.52617 0.539066
0.271287 0.528129 0.804663
0.569983 -0.482276 0.665229
-0.479094 0.0226367 0.877472
-0.116724 0.838136 0.532826
-0.529271 0.0903801 0.843625
-0.71318 -0.186426 0.675736
-0.684304 -0.132682 0.717024
-0.214093 -0.336683 0.916956
0.411497 -0.132064 0.901792
-0.715096 0.349461 0.605405
0.20486 -0.213895 0.955134
0.438717 0.636175 0.634672
0.614319 -0.245256 0.749975
-0.370803 0.0749359 0.925684
-0.0697435 0.06906 0.995172
0.0786564 0.155448 0.984708
0.308288 0.19515 0.931061
-0.610957 0.369088 0.700361
0.185881 -0.0903463 0.97841
-0.231468 0.128219 0.964356
0.21798 0.224084 0.94988
0.0326324 -0.254498 0.966523
-0.166302 0.111473 0.979754
0.290361 0.448702 0.845196
0.249288 0.429048 0.868201
0.0298208 -0.851261 0.523894
-0.12348 0.236625 0.963723
0.320556 0.330463 0.887715
-0.775741 -0.218256 0.592107
