0.770406 -0.0504074 0.635558
0.396604 0.453587 0.798101
0.706635 0.254792 0.660112
-0.00710348 0.453236 0.891362
0.650459 0.440606 0.618683
0.177902 0.00654958 0.984026
0.165812 -0.271369 0.948085
0.167786 0.202996 0.964697
-0.358466 -0.110281 0.927006
-0.133734 -0.587574 0.798043
-0.620974 0.584221 0.522567
-0.30834 0.25257 0.917134
-0.204383 -0.780527 0.590767
0.238029 -0.116841 0.964205
0.70178 -0.460474 0.54357
-0.297187 -0.741814 0.601159
0.493502 -0.597276 0.632232
-0.419592 0.196427 0.886205
-0.11018 0.587342 0.801804
-0.600417 -0.256746 0.757351
0.720713 -0.238351 0.65097
0.110776 0.00489845 0.993833
0.402466 0.603947 0.687946
-0.0434133 0.198449 0.979149
-0.140216 -0.598226 0.788964
0.659777 -0.255103 0.706835
-0.0544711 0.0838724 0.994987
0.831596 -0.227626 0.506591
-0.183264 0.364435 0.913018
-0.0534585 0.0731196 0.995889
0.355902 -0.495245 0.792506
0.238093 0.630176 0.739047
0.646285 0.203229 0.735536
-0.525849 0.190428 0.828987
0.166566 -0.0742412 0.983231
0.17828 0.306559 0.935007
-0.261614 -0.750449 0.606947
0.142108 -0.751959 0.64371
-0.328715 0.0568179 0.942719
0.0543229 0.0357686 0.997883
0.563357 0.267952 0.781557
0.104217 -0.584902 0.804381
-0.419418 -0.315022 0.851381
-0.507581 0.383779 0.771411
0.181084 0.105327 0.977811
-0.342804 -0.238126 0.908725
-0.369665 -0.236175 0.898649
-0.00453942 0.049342 0.998772
0.32445 0.0818567 0.942354
-0.410768 -0.214739 0.886091
-0.295678 -0.116566 0.948149
-0.644396 0.578342 0.500274
-0.187651 0.281392 0.941066
0.125065 -0.138503 0.982433
-0.0845463 -0.00178487 0.996418
0.808922 -0.291807 0.510387
0.128732 -0.303639 0.944051
-0.15706 0.239697 0.958059
-0.145998 0.0526684 0.987882
-0.0332687 -0.0143516 0.999343
0.393887 0.0560289 0.91745
0.00178726 0.0402077 0.99919
0.0339296 -0.0420424 0.99854
-0.5879 0.141934 0.796384
-0.253159 -0.038398 0.966662
-0.0526724 0.0722992 0.995991
0.38777 -0.345801 0.854433
-0.431776 0.233638 0.871196
0.591525 -0.416132 0.690603
-0.481671 -0.105727 0.869951
0.148439 -0.298778 0.942708
-0.314211 0.187714 0.93061
-0.239904 -0.421255 0.874637
-0.308742 0.51093 0.802265
0.62614 -0.29008 0.723742
-0.68296 -0.455061 0.571389
-0.364446 -0.637622 0.678688
-0.141584 0.367244 0.919285
-0.207004 -0.54405 0.813117
0.134145 -0.226993 0.964613
-0.0334667 0.748691 0.662074
-0.543075 -0.336094 0.769487
0.449212 0.458756 0.766649
0.686619 -0.216938 0.693897
-0.0341501 -0.0658543 0.997245
0.278782 0.196451 0.940047
0.378364 -0.432464 0.818423
0.0771538 0.0597797 0.995225
0.583959 -0.231065 0.778204
0.594458 0.133455 0.792975
-0.473183 -0.432998 0.76721
0.185113 0.65771 0.730172
-0.0219007 0.802213 0.596637
0.396518 0.412012 0.820378
-0.667671 0.233696 0.706825
-0.555789 0.557723 0.616476
