0.598706 -0.470629 0.64812
-0.334904 0.700342 0.630365
0.0814444 -0.558587 0.825437
0.506028 -0.116491 0.854614
-0.342233 0.283855 0.895714
-0.437732 -0.596354 0.672869
-0.185388 -0.19156 0.963813
0.457159 -0.0921386 0.884599
0.116729 -0.235747 0.964779
0.520885 -0.0554679 0.851823
0.186684 0.0707472 0.979869
-0.305013 -0.0411937 0.951457
0.013973 -0.151507 0.988357
-0.777289 0.0725537 0.624947
0.108806 -0.425209 0.898531
0.333567 0.199915 0.921286
0.230244 0.134746 0.963759
-0.537075 0.1743 0.82533
0.554049 -0.0678896 0.829711
0.514983 0.00271945 0.857196
-0.00712054 0.462742 0.886465
0.407975 -0.379639 0.830319
-0.604786 0.378907 0.700474
-0.0298342 -0.00310954 0.99955
0.67453 -0.214885 0.706282
0.81202 -0.0263291 0.583036
-0.129173 -0.151986 0.979905
0.511724 0.0461971 0.857907
-0.0135668 -0.136934 0.990487
0.0958831 0.00512514 0.995379
0.665522 -0.359784 0.653938
-0.000793669 0.00627862 0.99998
-0.27049 -0.200278 0.94166
0.578272 0.124648 0.806266
0.249343 0.370914 0.894567
-0.0687324 -0.114319 0.991064
-0.00457474 0.173716 0.984785
0.283272 -0.3742 0.883024
0.223348 -0.390621 0.893046
0.393387 0.698171 0.598167
0.283309 -0.258806 0.923448
-0.504907 0.353936 0.787273
-0.107204 0.281261 0.953624
-0.592987 -0.518504 0.616052
-0.342472 0.483415 0.805619
-0.0625914 0.0521945 0.996673
-0.267598 -0.722925 0.637001
-0.581525 -0.323673 0.746368
-0.428288 0.254548 0.867049
0.0147177 0.434182 0.900705
0.0468803 0.00260597 0.998897
0.755852 0.27165 0.59573
0.0534488 0.492912 0.868436
0.00196576 -0.603052 0.7977
-0.116262 -0.0913529 0.989008
0.357201 -0.186266 0.915267
-0.124144 0.374018 0.919075
-0.42715 -0.350227 0.833597
0.167536 0.0284206 0.985456
0.750283 -0.174409 0.637697
0.781468 -0.170561 0.60018
-0.0750269 -0.0977895 0.992375
-0.292321 0.737075 0.609318
0.140011 -0.154586 0.978008
0.158671 -0.13233 0.978423
0.00577041 -0.0117704 0.999914
-0.362925 0.450389 0.815742
-0.352123 0.35741 0.865025
-0.635106 0.391502 0.665858
-0.0585227 0.446025 0.893105
0.148205 0.250028 0.956829
0.533923 0.630753 0.563096
-0.0151601 -0.440113 0.897814
-0.10392 0.622936 0.77534
-0.434586 0.232537 0.870093
0.0462058 -0.353346 0.934351
-0.347125 -0.746418 0.567772
0.0121375 0.00464071 0.999916
-0.233702 0.275218 0.932544
0.239795 0.141133 0.96051
-0.57147 -0.327759 0.752327
-0.11098 0.0695972 0.991383
-0.478116 -0.201773 0.854806
0.667585 -0.43045 0.607489
-0.390403 -0.676474 0.624475
0.79022 -0.1338 0.598038
-0.811826 0.281542 0.511539
0.0137316 -0.13418 0.990862
0.0293654 -0.10739 0.993783
0.45889 -0.404977 0.790831
-0.589011 0.489382 0.643095
-0.439938 0.518801 0.733007
0.294683 -0.137833 0.945602
0.148889 -0.598706 0.787009
0.277221 0.489069 0.827019
-0.7571 0.356739 0.5473
