0.299934 -0.808687 0.506029
-0.354668 0.178308 0.917833
-0.571149 -0.103862 0.814249
0.0915304 -0.742515 0.663547
0.508509 -0.18919 0.840016
-0.188128 0.0437305 0.98117
0.284748 -0.0887843 0.954482
0.431785 -0.175368 0.884764
-0.291157 0.575441 0.764262
-0.16097 0.810695 0.562906
-0.434836 -0.693706 0.574186
-0.187694 -0.421847 0.887026
0.571918 0.345868 0.743832
-0.139858 0.233789 0.962176
0.32824 0.229709 0.916238
0.143553 0.391239 0.909024
-0.487707 -0.153052 0.859487
-0.00496259 -0.00162566 0.999986
-0.554887 0.595095 0.581346
0.00301381 -0.192797 0.981234
-0.14374 -0.0295039 0.989176
0.384292 0.485829 0.785041
-0.0443044 -0.303074 0.951937
-0.703241 -0.0857668 0.705759
-0.046702 0.0445344 0.997916
0.346643 0.631383 0.693682
0.0942696 -0.0329536 0.995001
0.489303 -0.429071 0.759263
-0.0081973 -0.0246711 0.999662
0.131569 0.203715 0.970149
-0.58322 -0.0554141 0.810422
-0.408873 0.412266 0.814162
0.00872769 0.0106766 0.999905
-0.416394 -0.372207 0.829504
0.0589635 0.069019 0.995871
-0.344834 -0.468795 0.813216
0.150511 -0.0340079 0.988023
-0.625588 -0.050704 0.778504
-0.216279 -0.745107 0.630904
-0.10057 -0.748984 0.654911
-0.0416375 -0.189126 0.98107
-0.0960609 -0.504638 0.85797
-0.0830749 -0.844355 0.529305
0.32986 0.402074 0.854125
0.23814 0.0359775 0.970564
-0.178095 -0.672655 0.718204
0.73927 0.222953 0.63543
0.665954 0.0434736 0.744725
-0.41286 -0.585724 0.697476
-0.814781 0.177522 0.551923
-0.165747 -0.116615 0.979249
0.400424 -0.0179974 0.916153
-0.800355 0.148667 0.580801
0.376876 0.660012 0.649884
0.0150069 0.275422 0.961206
-0.636266 -0.28217 0.718016
0.74566 0.382932 0.545301
-0.252214 -0.0663237 0.965396
-0.0774897 -0.279417 0.957038
-0.570901 0.358001 0.738855
0.0631671 -0.458886 0.886247
-0.314341 0.0635173 0.947183
0.535062 0.646423 0.543917
0.267621 0.189018 0.944802
0.292941 0.739135 0.606519
0.209228 0.0961775 0.973126
-0.256497 -0.0971188 0.961653
-0.270888 -0.207298 0.940025
-0.0228223 0.508384 0.860828
0.12969 -0.0967426 0.986824
0.0984007 0.161742 0.981915
-0.53876 0.290565 0.790765
-0.314966 0.1618 0.93521
0.691201 -0.465571 0.552708
0.105876 -0.402006 0.909495
0.616201 0.37542 0.692356
0.354128 9.31658e-05 0.935197
-0.480485 0.345121 0.806242
-0.296535 -0.259052 0.919216
0.0404818 0.0373798 0.998481
-0.0561759 -0.833048 0.550342
-0.220225 -0.260921 0.939905
0.0409538 0.126415 0.991132
-0.183712 0.797194 0.575093
0.163533 -0.723469 0.670708
-0.312784 0.323485 0.893042
0.219396 -0.15212 0.963704
-0.483568 0.696834 0.529702
-0.132494 0.693938 0.70774
0.0530686 -0.0143555 0.998488
0.699092 -0.502757 0.508434
-0.15018 0.0154503 0.988538
0.699677 -0.0961638 0.707958
0.084817 -0.825055 0.558651
-0.657788 0.239308 0.714175
0.114749 0.72556 0.678524
