0.339803 -0.60505 0.720034
0.494491 -0.0276952 0.868742
-0.0968239 -0.362319 0.927012
-0.484737 0.0287004 0.874189
0.293354 0.139836 0.945722
0.812869 -0.14872 0.563139
-0.181688 0.279862 0.942691
-0.100466 0.0757841 0.99205
-0.615565 0.447988 0.648372
-0.181263 -0.261398 0.948058
0.239873 -0.191647 0.9517
-0.230701 0.516287 0.824757
-0.271755 0.0820851 0.958859
0.694798 -0.100845 0.7121
0.119257 -0.477777 0.870349
-0.185666 -0.0256129 0.982279
-0.238865 0.0540248 0.969549
-0.0844137 0.679317 0.728973
-0.344416 0.330891 0.878572
0.526793 -0.593943 0.608047
-0.265657 -0.0614996 0.962104
0.00236687 0.139704 0.990191
-0.0114595 -0.0116497 0.999866
-0.673336 -0.265898 0.689867
-0.252261 -0.246897 0.935632
-0.635651 -0.279595 0.719565
0.54245 -0.653796 0.52754
-0.208034 0.516643 0.830543
0.533115 -0.21774 0.817544
0.636919 0.416772 0.648564
0.476597 0.050803 0.877653
0.0340015 0.100444 0.994362
0.000876441 0.0908239 0.995867
-0.0137776 -0.295541 0.955231
0.0526656 -0.218925 0.974319
-0.0199592 0.0470286 0.998694
0.0869647 -0.0171754 0.996063
0.162117 0.452121 0.8771
0.347115 0.0741429 0.934887
0.154827 0.429724 0.889588
-0.0832135 0.0476646 0.995391
0.00555932 -0.260572 0.965438
-0.0600959 0.0256013 0.997864
0.220587 -0.108845 0.969275
0.630766 -0.198042 0.750276
-0.623733 -0.298252 0.722498
-0.0500216 -0.0951984 0.994201
-0.33034 -0.0686232 0.941364
0.249071 -0.031164 0.967984
-0.238546 0.0476235 0.969963
0.335298 0.363889 0.868999
0.0652611 0.0220051 0.997626
0.00100298 0.563138 0.826362
-0.357703 0.307704 0.881684
0.268128 -0.756416 0.596609
-0.548254 0.291126 0.784004
0.675935 0.0237851 0.736578
-0.0591578 0.112043 0.991941
0.204317 -0.483231 0.851318
0.0192333 -0.00443731 0.999805
-0.0758148 0.00117473 0.997121
0.073379 -0.631148 0.772184
0.70601 -0.00471947 0.708186
-0.396691 -0.672576 0.624723
-0.0899052 0.764449 0.638384
0.0101548 0.0170291 0.999803
0.43173 -0.444315 0.78498
-0.184726 0.450333 0.873543
-0.815534 0.0220243 0.57829
-0.119328 0.374992 0.919316
-0.546967 0.238871 0.802351
0.648481 0.391314 0.652952
0.0814697 -0.0824108 0.993263
-0.747161 0.34165 0.57011
0.104177 -0.343623 0.933312
-0.732523 0.213912 0.64626
0.629795 0.234045 0.740663
0.120637 -0.721741 0.681569
0.248773 0.343842 0.905475
0.0960591 0.58047 0.808596
-0.00521366 0.431821 0.901944
-0.800957 -0.269928 0.534422
-0.200906 -0.839767 0.504409
-0.0593403 -0.837194 0.543678
-0.0364938 -0.124903 0.991498
-0.153208 -0.766068 0.624233
-0.293696 -0.293649 0.909677
0.62481 -0.56401 0.539912
-0.729107 -0.257435 0.634137
0.627481 -0.449247 0.635959
0.271543 -0.225466 0.935644
0.352082 -0.158674 0.922421
0.233628 -0.152572 0.960281
-0.372297 0.306586 0.876014
0.488781 -0.481389 0.72757
-0.458591 -0.0397156 0.887759
