-0.119484 -0.0971267 0.988074
-0.0951932 -0.848898 0.519915
0.523212 -0.368051 0.768627
-0.252059 -0.298447 0.920541
-0.306079 -0.765986 0.565315
0.0993221 0.0291699 0.994628
0.0594229 -0.657601 0.751019
-0.0317491 -0.623726 0.780998
-0.116174 0.32666 0.937975
0.215704 -0.125349 0.96838
-0.153802 0.815118 0.558504
0.643208 -0.196682 0.74
-0.628004 0.0712768 0.774939
-0.0843433 0.720747 0.688048
-0.295717 0.461601 0.836347
-0.164354 -0.108507 0.980415
-0.180645 -0.0427267 0.98262
-0.700229 -0.48183 0.5268
-0.358117 0.713673 0.602015
-0.189171 0.838392 0.511188
-0.526857 -0.461047 0.714043
-0.242388 0.603496 0.759632
0.280007 0.154527 0.947479
0.0261899 -0.0422585 0.998763
0.00088911 0.138008 0.990431
0.527931 -0.00636236 0.849264
-0.512094 -0.310029 0.801025
-0.384648 0.603666 0.698308
0.00863756 0.135812 0.990697
0.0657447 0.0796018 0.994656
-0.789118 0.322351 0.52286
0.541477 0.541839 0.642816
-0.0167716 0.236693 0.97144
0.0180965 -0.0362448 0.999179
0.0710095 0.00218527 0.997473
-0.0766767 -0.493684 0.866255
0.361771 0.392885 0.845437
-0.205387 0.00303397 0.978676
-0.773222 -0.375145 0.511267
-0.0385711 -0.0738679 0.996522
0.27467 -0.281375 0.919448
0.656082 0.209323 0.72508
-0.489424 -0.175074 0.854291
0.112579 -0.795873 0.594906
0.25681 -0.0420693 0.965546
0.119394 -0.431904 0.893982
-0.0371882 0.0263445 0.998961
0.615421 -0.557883 0.556798
-0.3079 0.350713 0.88442
-0.789288 -0.168539 0.59044
0.540559 -0.0407245 0.84032
-0.588232 0.06787 0.805839
-0.203692 0.367599 0.907403
-0.324808 -0.678601 0.658787
0.774543 0.158101 0.612444
0.0434585 0.00144966 0.999054
-0.38518 -0.700896 0.600318
0.377262 0.673412 0.635759
-0.0948987 0.179669 0.979139
0.0156282 0.46293 0.886257
-0.561473 0.575022 0.595062
-0.234695 -0.241609 0.941564
0.357271 -0.585499 0.727701
0.0167189 0.586936 0.80946
-0.0794362 -0.0988697 0.991925
0.0794008 0.718447 0.691035
-0.0183251 0.0720915 0.99723
-0.223725 0.18727 0.956492
-0.496318 0.652852 0.572235
0.314155 0.0327208 0.948808
0.422316 0.257637 0.869064
0.202297 0.457882 0.86569
-0.618428 -0.082227 0.781528
0.0210444 0.000495267 0.999778
0.328085 -0.517204 0.790481
-0.00444284 0.00215036 0.999988
0.262949 -0.364315 0.893383
-0.00607756 0.0116642 0.999914
0.225043 0.63968 0.734959
-0.570643 0.129922 0.810856
0.377334 0.759441 0.52997
0.625064 -0.581307 0.520938
-0.59151 -0.364954 0.718974
-0.165326 -0.10329 0.980815
0.0359126 0.0335613 0.998791
-0.0295248 -0.0499961 0.998313
-0.0682319 -0.831875 0.550752
-0.488693 0.675053 0.552704
-0.428992 0.338025 0.837678
-0.432691 0.225925 0.872775
0.26887 -0.578639 0.76999
-0.426053 0.169682 0.888643
-0.140469 0.0722081 0.987448
0.172501 0.199284 0.96464
0.480517 0.235087 0.844889
0.2103 -0.393023 0.895157
