0.716056 0.28435 0.637502
-0.378036 0.665574 0.643506
0.653551 0.115763 0.747978
0.0526764 0.0476339 0.997475
0.657408 0.188379 0.729608
0.169679 -0.417453 0.892716
0.00212555 -0.805779 0.592212
0.104554 -0.057884 0.992833
0.291862 0.458483 0.83941
-0.852042 -0.143927 0.503298
0.326892 -0.154478 0.932351
-0.48665 -0.340513 0.804502
-0.390684 -0.253603 0.884902
-0.166188 0.418316 0.892969
-0.461771 -0.281588 0.841116
-0.522792 -0.438671 0.730929
-0.642145 0.169452 0.74762
-0.449268 0.0609018 0.891319
-0.201502 -0.292463 0.934806
-0.092826 -0.62622 0.7741
-0.626489 0.569309 0.532352
-0.344901 0.417432 0.84071
0.5222 0.116861 0.844778
0.850709 -0.0345136 0.524502
0.229171 0.679582 0.696885
-0.519224 -0.578221 0.629339
-0.0390962 0.377223 0.925297
0.485273 0.075998 0.871054
-0.121909 -0.190709 0.974047
0.015393 -0.496936 0.867651
-0.0474919 0.146111 0.988128
0.157379 -0.141517 0.977346
0.0284802 0.655989 0.754233
-0.2138 -0.346282 0.913443
-0.00689835 -0.43225 0.901728
0.0911056 0.299054 0.949877
0.110126 -0.0407389 0.993082
0.825096 -0.0947597 0.556989
-0.228305 0.307043 0.923905
0.737919 0.212735 0.640483
0.00516565 -0.509825 0.860262
0.226443 0.351433 0.908415
-0.409814 -0.193871 0.891329
-0.422825 0.667752 0.612639
-0.811933 0.144224 0.565654
0.347994 -0.579433 0.736992
0.0166948 0.0342402 0.999274
0.0627657 -0.0129582 0.997944
0.434871 0.60802 0.664228
-0.169986 -0.0844076 0.981825
-0.146594 0.089339 0.985154
-0.198489 0.265247 0.943529
0.229229 0.812124 0.536572
0.285798 0.337919 0.896733
-0.0679784 0.043235 0.99675
-0.315137 -0.459986 0.830122
0.29287 -0.523662 0.800004
-0.298485 0.0722769 0.951674
-0.606864 -0.595795 0.526064
-0.0778469 0.361781 0.929007
0.142447 -0.119282 0.982589
-0.271329 -0.607765 0.746326
-0.0035324 0.0577797 0.998323
0.0861401 0.156944 0.983844
-0.428036 0.17129 0.887381
0.344134 0.489601 0.801163
-0.0517224 -0.245313 0.968063
-0.788145 -0.261731 0.557068
0.519944 0.0473445 0.852887
-0.221942 -0.702239 0.676463
0.474485 -0.114066 0.872842
-0.131162 0.056889 0.989727
0.432069 0.384343 0.815841
-0.110887 0.27804 0.954148
0.0121041 0.0735396 0.997219
-0.323116 0.774824 0.543363
-0.0503167 -0.230853 0.971687
-0.21375 -0.158119 0.964007
-0.059772 0.0401121 0.997406
0.422445 -0.507734 0.75083
0.312074 0.428834 0.847768
-0.438341 0.457968 0.773384
-0.153226 -0.777708 0.609665
0.687941 -0.509153 0.517204
0.740062 0.358421 0.569072
-0.748548 -0.0829929 0.657866
-0.0354558 -0.0407593 0.99854
0.569849 0.494298 0.656461
0.746113 0.368067 0.554835
-0.343253 0.596463 0.725541
-0.0731551 -0.250527 0.965342
0.649921 -0.424386 0.630475
-0.490782 0.063471 0.868968
0.584548 0.253669 0.770685
0.0475238 0.22927 0.972202
-0.0758906 0.0430374 0.996187
