0.280725 0.356584 0.89109
0.454849 -0.48815 0.744864
0.479335 -0.368851 0.796359
-0.26838 0.0142399 0.963208
-0.549777 0.554086 0.625088
-0.025912 0.0884747 0.995741
0.0280508 -0.138604 0.989951
0.0849031 0.0549508 0.994873
-0.0226809 -0.0211035 0.99952
-0.0775893 -0.0407568 0.996152
0.191165 -0.710361 0.677379
0.183301 0.02331 0.98278
-0.152026 -0.0267387 0.988015
0.577078 -0.408443 0.707217
0.410836 0.713051 0.56813
0.55886 0.129524 0.819084
0.248799 -0.288779 0.924503
-0.216743 0.271998 0.937571
0.0288023 -0.0325159 0.999056
0.090015 0.343995 0.934647
0.480925 -0.272111 0.833467
-0.117105 0.0226401 0.992861
0.169185 0.117091 0.978604
-0.34434 0.0227705 0.938569
-0.0183224 0.0200552 0.999631
0.305194 -0.62727 0.716511
0.44065 -0.379164 0.813672
0.0341963 -0.76516 0.642931
0.308154 0.362623 0.879514
-0.228013 -0.204408 0.95196
0.049542 -0.0708681 0.996255
-0.200925 -0.122326 0.971939
-0.402138 -0.0133633 0.915482
0.399018 -0.257957 0.879911
0.375906 0.226962 0.898433
-0.0895565 -0.0460291 0.994918
0.511701 -0.613416 0.601568
-0.143921 0.209313 0.967199
0.167989 0.174771 0.970173
-0.72565 0.0536458 0.68597
0.448168 -0.104539 0.887816
0.00829209 -0.0491378 0.998758
-0.520691 -0.428957 0.738158
0.385884 0.30278 0.871446
0.461067 -0.666752 0.585541
-0.200116 -0.0626484 0.977767
-0.147106 0.00759835 0.989092
-0.287781 -0.0807751 0.954284
0.15101 0.815542 0.558648
-0.0131619 0.0171789 0.999766
0.341186 -0.0684042 0.937504
-0.359849 0.403844 0.841082
0.397821 0.0181974 0.917282
-0.170557 -0.0108854 0.985288
-0.696826 0.128061 0.705715
0.546712 0.437638 0.713848
-0.408418 0.40596 0.817552
-0.21805 0.231815 0.948006
0.138276 0.150791 0.978847
0.490886 0.218852 0.843288
-0.256766 0.483424 0.836882
-0.241391 0.107663 0.964437
0.0866224 0.102678 0.990936
-0.215681 -0.777963 0.590132
0.0547257 -0.0839689 0.994964
-0.510046 -0.676652 0.531032
0.377273 -0.539097 0.75302
-0.240203 -0.231982 0.942596
-0.269661 0.598352 0.754491
0.00718085 -0.844159 0.536045
-0.357649 0.144231 0.922651
0.106659 -0.4852 0.867874
-0.119424 0.3177 0.94064
-0.303331 0.386652 0.870914
-0.0312288 0.0552008 0.997987
-0.400688 0.519708 0.754555
0.185727 -0.102479 0.977243
0.381783 -0.50355 0.775035
-0.427875 -0.100413 0.898243
-0.622287 -0.355855 0.697227
-0.108738 -0.0895636 0.990027
0.0176468 -0.0111641 0.999782
-0.0898407 -0.0468262 0.994855
0.164237 -0.594964 0.786793
-0.641726 0.317384 0.69818
-0.339406 -0.157381 0.927381
0.327408 0.318949 0.889424
0.0131413 0.171991 0.985011
0.347943 -0.26313 0.899832
-0.744683 -0.279787 0.605942
0.0566758 -0.0605553 0.996555
0.265969 0.439378 0.858025
0.208524 0.12622 0.969838
-0.393337 -0.0379328 0.918612
-0.317855 0.0226771 0.947868
-0.0316955 -0.00126302 0.999497
