0.467392 -0.317545 0.825051
0.0683286 0.0451145 0.996642
-0.0036143 -0.00638605 0.999973
-0.381085 0.0507665 0.923145
0.0640125 -0.0713998 0.995392
0.148447 0.751795 0.64247
-0.0973122 0.748716 0.65571
-0.0100955 0.0528378 0.998552
0.271391 0.653209 0.70687
0.346543 -0.23378 0.908435
0.298611 -0.806315 0.510575
0.4344 -0.364713 0.823578
-0.450241 -0.0966028 0.887666
0.586868 -0.607424 0.535371
0.636114 0.108788 0.763888
-0.0215216 -0.0132361 0.999681
-0.151623 -0.714052 0.683476
-0.477284 0.672489 0.565648
0.0748213 -0.203611 0.976189
-0.63665 -0.502037 0.58535
-0.529061 0.53987 0.654702
-0.166922 0.441127 0.881785
-0.177393 -0.757911 0.627776
0.230986 -0.0400734 0.972132
0.045469 0.0312919 0.998476
0.197133 -0.117098 0.973359
-0.20801 -0.195818 0.958325
0.698555 -0.0361047 0.714645
-0.230048 0.1213 0.96559
0.611741 0.305117 0.729847
0.116284 -0.22225 0.96803
-0.841546 0.0187071 0.539861
0.0246528 -0.371486 0.928111
0.00583322 0.853964 0.5203
-0.118367 0.296804 0.947574
0.706595 -0.433789 0.559062
-0.379622 -0.583877 0.717617
0.0630716 0.492156 0.868219
-0.458858 -0.723962 0.5151
0.429551 -0.462379 0.775688
0.261154 -0.69534 0.669552
-0.0436785 -0.705103 0.707758
0.0216787 0.0665063 0.99755
0.367115 0.239781 0.898739
-0.0126979 -0.393294 0.919325
-0.105142 0.330403 0.937965
-0.342225 0.676262 0.652343
-0.262829 -0.330533 0.90646
0.0320159 0.105371 0.993917
0.349578 -0.597931 0.7213
0.200026 0.572467 0.795155
0.288551 -0.634067 0.717424
-0.107913 -0.325635 0.939317
-0.580451 -0.294943 0.759003
-0.194778 -0.02311 0.980575
0.248157 -0.126727 0.960395
0.417226 0.553327 0.720938
0.0267409 0.210171 0.977299
-0.836744 -0.0147196 0.547397
0.106926 -0.63802 0.76256
0.304852 0.0777496 0.949221
0.121847 0.52326 0.843417
-0.262822 -0.0642394 0.962703
0.443223 0.692455 0.569262
0.0347521 0.0685216 0.997044
0.152645 -0.0629194 0.986276
-0.093409 -0.83554 0.541431
-0.0339366 -0.143252 0.989104
0.163668 -0.039083 0.985741
0.389744 -0.485464 0.782575
0.0850725 0.594878 0.799301
0.604652 0.592575 0.532213
0.122652 -0.43411 0.892471
0.375898 0.620727 0.688039
-0.313208 0.0288253 0.949247
-0.519926 -0.586533 0.621012
-0.206906 0.508463 0.835856
0.324687 -0.386426 0.863281
0.248005 -0.239887 0.938588
0.155942 0.192021 0.968922
-0.605428 0.584166 0.540562
-0.236439 0.185856 0.953705
0.33113 0.521876 0.786129
0.674845 0.466316 0.571957
-0.283766 0.0261446 0.958537
0.665293 -0.450509 0.595337
-0.519216 -0.302313 0.799388
-0.478128 -0.0723956 0.875301
-0.0267764 -0.00525452 0.999628
0.00506908 0.00894545 0.999947
-0.00640459 -0.0147791 0.99987
-0.0899639 -0.141931 0.98578
0.146656 0.28344 0.94771
0.414066 -0.728396 0.545882
0.367664 -0.317498 0.874081
0.755421 -0.135113 0.641157
