-0.196739 -0.145451 0.969607
0.246713 -0.253657 0.935302
-0.729607 -0.415302 0.54332
-0.167565 -0.348717 0.922127
-0.614815 0.559116 0.55623
-0.616974 0.26186 0.742141
-0.112867 0.0527847 0.992207
0.269236 0.170296 0.947898
-0.289954 -0.170439 0.941742
-0.155078 -0.0147226 0.987792
-0.627159 0.160504 0.762174
-0.0655399 0.125771 0.989892
0.524935 -0.1528 0.837314
-0.189284 0.806867 0.559586
-0.527704 -0.0266782 0.849009
0.687269 -0.133255 0.714076
-0.353416 0.285302 0.890898
0.363704 0.624153 0.691486
0.0960026 0.062181 0.993437
0.181616 -0.580279 0.793909
0.0539864 0.81799 0.572694
0.213478 -0.0979519 0.972025
0.298425 0.798332 0.523076
-0.134832 -0.0788409 0.987727
-0.433312 -0.0827638 0.897436
-0.0340705 -0.141881 0.989297
-0.761179 -0.389109 0.518846
-0.0584068 0.119562 0.991107
-0.143101 0.304859 0.941585
-0.858573 0.000554047 0.512691
-0.327147 0.20592 0.922265
0.153743 0.446575 0.881439
-0.191676 0.0783527 0.978326
0.597211 -0.57462 0.559598
0.0406651 0.416427 0.908259
0.717363 -0.13005 0.684454
-0.23974 -0.19104 0.951855
0.575808 -0.284519 0.766482
0.24608 0.307485 0.919183
0.39848 -0.478857 0.782247
-0.196336 0.275964 0.940902
0.0170475 -0.00526939 0.999841
0.17347 0.226822 0.958363
0.311281 -0.123026 0.942321
0.0948886 0.477705 0.873381
0.402293 -0.325951 0.855521
-0.565639 0.0920053 0.819504
0.302698 0.462726 0.833222
0.453341 -0.280326 0.846108
-0.126965 0.10109 0.986742
-0.342876 -0.440625 0.82963
0.847947 0.0273159 0.529376
0.206844 0.172854 0.962984
-0.317081 0.482985 0.816201
0.555062 0.450088 0.699519
0.375816 0.674255 0.635722
0.421311 -0.354593 0.834722
-0.0926804 -0.248593 0.964164
-0.691247 0.373441 0.618643
0.430066 -0.626544 0.649989
-0.0415586 -0.4276 0.903012
0.239898 0.0627468 0.968768
-0.36674 -0.681364 0.633439
-0.41937 -0.191538 0.887379
0.010047 0.220893 0.975246
0.370805 -0.450041 0.812384
0.0144724 0.529638 0.848101
0.0825933 0.015556 0.996462
-0.240836 -0.172304 0.955149
-0.461719 0.495872 0.735477
0.053691 0.115226 0.991887
0.507449 -0.301738 0.807124
-0.00150265 -0.542856 0.839824
-0.101612 0.128293 0.986517
0.450626 0.199685 0.870093
-0.208642 0.170339 0.963044
0.211661 -0.138258 0.967515
0.702495 0.332689 0.629141
-0.828331 0.218362 0.515933
-0.709225 0.468763 0.526556
-0.238325 -0.426958 0.872301
-0.683828 0.373719 0.626668
-0.230792 0.319279 0.919128
0.330179 -0.062825 0.941825
-0.616883 -0.189407 0.763924
-0.279778 -0.47525 0.834183
0.488437 0.38552 0.782817
-0.17656 0.0083308 0.984255
0.321368 0.063935 0.944794
0.447132 -0.437327 0.780268
0.170217 -0.38087 0.908826
-0.0843629 -0.130533 0.987848
-0.247749 0.167511 0.954233
0.616696 -0.225178 0.754309
-0.253405 -0.272144 0.928291
0.831565 0.194318 0.520327
