0.00174425 -0.0405105 0.999178
0.602074 -0.0115498 0.798357
0.0103934 -0.0230469 0.99968
0.274081 -0.189072 0.942938
0.411138 -0.325042 0.851653
-0.545179 -0.277504 0.791057
-0.62717 0.0969011 0.772831
0.440486 0.388864 0.809171
0.229257 -0.411564 0.882075
0.342863 0.0207851 0.939155
-0.212065 -0.286374 0.934355
-0.788049 0.0848699 0.609735
-0.408838 -0.00621364 0.912586
-0.129432 -0.236562 0.962957
-0.0677435 0.289526 0.95477
0.829468 0.0572553 0.555612
0.311931 0.492533 0.812471
-0.00553556 -0.310832 0.950449
0.17594 -0.0215778 0.984164
-0.148313 0.0422422 0.988038
-0.428335 0.188352 0.883772
0.614533 0.27439 0.739634
0.493963 -0.691539 0.527042
0.274969 -0.481851 0.831993
-0.304265 0.750333 0.586876
0.422576 -0.598471 0.680634
-0.425318 -0.174819 0.888
0.631604 -0.570417 0.525072
0.114046 -0.38851 0.914359
0.429739 0.300274 0.851563
-0.483751 0.489764 0.725338
-0.697889 0.191617 0.690097
-0.204448 -0.0415049 0.977997
-0.769285 -0.20677 0.604522
0.15485 0.851272 0.501355
0.718959 0.260076 0.644561
0.650827 0.43858 0.619735
-0.571324 0.305076 0.761917
-0.696026 0.232728 0.679254
-0.277229 -0.130315 0.951926
0.0643055 0.00648131 0.997909
0.72799 0.248879 0.638819
-0.223095 -0.580169 0.783347
0.64562 -0.269666 0.714461
-0.42731 0.344677 0.835825
-0.257986 0.270984 0.927368
0.0171554 -0.0302038 0.999397
-0.303188 -0.672485 0.67516
0.381778 -0.558041 0.736774
-0.342778 0.34306 0.874536
-0.340303 -0.0835145 0.9366
-0.389138 0.321036 0.863428
-0.252297 0.124166 0.959651
0.489994 0.588729 0.642887
-0.0295623 0.174786 0.984163
0.0381735 -0.0867457 0.995499
-0.146571 -0.0478569 0.988042
-0.214857 -0.269094 0.938842
-0.454653 -0.629648 0.629947
-0.348672 -0.240581 0.905841
-0.550748 0.47104 0.689056
0.0898896 0.00453267 0.995941
0.77428 0.13341 0.618621
-0.155697 0.595669 0.787996
-0.672581 -0.535798 0.510445
-0.406281 -0.351704 0.843351
0.393526 0.591043 0.704135
0.481563 0.419951 0.769245
0.581202 -0.508365 0.635428
0.316347 -0.00268613 0.94864
-0.656109 -0.21023 0.724793
-0.172971 0.812441 0.556796
-0.185128 0.00466795 0.982703
-0.353222 -0.111915 0.928821
0.274847 -0.469675 0.838966
0.388746 -0.43399 0.812729
0.00337493 0.0774134 0.996993
0.0376625 -0.458718 0.887784
-0.301358 0.048448 0.952279
0.0430124 -0.0334689 0.998514
-0.805784 0.265937 0.52914
-0.104384 0.0281195 0.994139
-0.536746 -0.139845 0.832074
0.134103 0.387126 0.912222
-0.428888 0.242317 0.870251
0.16214 -0.242496 0.956507
0.0670377 -0.693255 0.717568
-0.479379 0.454351 0.75084
-0.850347 0.107585 0.515107
-0.135694 -0.0962637 0.986063
0.184825 -0.381503 0.905702
0.252071 -0.154898 0.955231
0.0126833 0.281116 0.95959
-0.686516 -0.129242 0.715536
-0.130376 0.0590519 0.989704
0.533824 -0.0455397 0.844368
