0.604009 -0.226856 0.764009
-0.589585 -0.159653 0.79177
-0.445573 -0.605019 0.659861
0.0122625 0.0171729 0.999777
-0.0686541 -0.0192911 0.997454
-0.431579 0.139199 0.89127
0.478053 -0.610335 0.631631
-0.372009 0.321418 0.870804
0.398616 -0.685756 0.60897
0.263224 0.647377 0.715273
0.150409 -0.528044 0.835791
0.348604 0.210499 0.913326
-0.743304 -0.441768 0.502335
0.177264 -0.508395 0.842681
0.0239546 0.618867 0.78513
0.0694131 -0.0438311 0.996625
-0.262884 -0.0425668 0.963888
-0.528742 -0.365482 0.766065
-0.0580334 -0.18897 0.980266
0.0501756 0.785631 0.616658
0.693598 0.270038 0.667833
-0.396371 0.289155 0.871366
-0.473418 0.486311 0.734423
-0.000567325 -0.00355456 0.999994
-0.0476444 -0.175072 0.983402
0.282241 0.659583 0.696627
-0.552705 0.361035 0.751113
-0.699171 -0.265353 0.663888
0.104278 -0.0509895 0.99324
0.110753 -0.192154 0.975095
0.677156 -0.103679 0.728499
-0.647047 0.499112 0.576382
0.0134176 -0.0447508 0.998908
0.276359 -0.542581 0.793241
-0.343652 -0.0371642 0.938361
0.0493081 -0.636391 0.769789
0.180849 -0.0107645 0.983452
0.0970733 0.24928 0.963554
-0.596482 -0.55824 0.576695
-0.22586 -0.0416697 0.973268
-0.129166 -0.590525 0.796616
0.459583 -0.430038 0.777078
0.011323 -0.10843 0.99404
0.279904 -0.0570022 0.958334
0.281545 -0.345458 0.895204
-0.574144 -0.615156 0.540316
0.694534 0.329497 0.639574
0.501851 -0.226784 0.834694
-0.369203 -0.145041 0.917961
-0.7986 0.094457 0.594404
-0.0153727 -0.0287156 0.999469
-0.537757 -0.557647 0.632335
-0.0524813 -0.0143381 0.998519
0.531347 -0.507925 0.677999
0.00120687 0.0013146 0.999998
-0.0304692 0.00266853 0.999532
-0.736213 0.240063 0.63274
0.855009 -0.0501935 0.516179
-0.508512 -0.507357 0.695704
0.00265818 -0.00211376 0.999994
0.149824 0.460738 0.874799
-0.442944 -0.439762 0.781287
-0.503812 0.516052 0.692722
0.131887 -0.388326 0.912036
-0.430388 0.378278 0.819556
-0.520465 0.0933466 0.848765
0.0132666 -0.358855 0.933299
-0.24635 -0.612386 0.751196
-0.136882 0.782952 0.606836
-0.455888 0.382136 0.803827
-0.273033 0.47377 0.837254
-0.0361347 0.286852 0.957293
0.244462 -0.0667652 0.967358
-0.00591974 -0.00498147 0.99997
-0.233961 0.512109 0.826442
0.0434127 -0.0711196 0.996523
0.719975 -0.0714682 0.69031
0.316715 -0.0792531 0.945204
0.828798 -0.066311 0.555605
0.0187766 -0.0641373 0.997764
0.0188761 -0.00871698 0.999784
0.263992 -0.767737 0.583856
0.198623 0.489231 0.849236
-0.0389143 0.00205545 0.99924
0.457588 0.222722 0.860818
0.327878 -0.110886 0.93819
0.547441 -0.647734 0.529857
-0.0661764 0.827933 0.556909
-0.779418 0.146803 0.609063
0.476375 0.18537 0.85948
-0.0226014 -0.834278 0.55088
0.524891 -0.0401132 0.850224
0.226366 -0.00462852 0.974031
0.0459235 0.00872264 0.998907
0.00419542 -0.68294 0.730463
0.182641 0.220912 0.95804
