0.334358 0.0108718 0.942383
0.19399 0.110667 0.974741
-0.179602 0.511045 0.840581
-0.21237 0.376246 0.901853
0.327057 -0.716738 0.61589
-0.0326231 0.0863167 0.995733
0.127957 0.756106 0.641818
-0.149674 -0.437954 0.88645
-0.266178 0.238883 0.933855
0.0466749 -0.100574 0.993834
0.418808 -0.231763 0.878001
0.530887 -0.206662 0.821858
0.341064 0.471799 0.813069
-0.434838 0.502832 0.747045
0.562067 -0.331861 0.757594
-0.155492 -0.018644 0.987661
-0.0391907 0.490691 0.870452
-0.164943 -0.278742 0.946096
-0.479034 0.0536554 0.876155
0.205663 -0.799808 0.563923
0.585076 0.40017 0.705372
0.0181251 -0.241661 0.970191
0.0734394 0.637106 0.76727
-0.0174788 -0.0402933 0.999035
0.0476817 0.115692 0.99214
-0.272576 0.0244957 0.961822
-0.127556 -0.557692 0.820188
0.58745 0.204421 0.783016
0.394305 0.763922 0.51083
-0.257247 0.387322 0.885328
-0.129898 -0.240557 0.961904
0.031281 0.0491099 0.998303
0.560707 -0.0564302 0.826089
-0.124054 -0.489048 0.86339
0.649827 0.298633 0.698959
0.148856 0.135579 0.97952
-0.0433101 -0.16918 0.984633
-0.583637 0.0391124 0.811072
0.551406 -0.166173 0.817519
0.296708 -0.753856 0.58623
-0.702245 0.0694337 0.708541
0.425462 0.0281042 0.90454
0.0174061 0.0814979 0.996522
-0.224347 0.231484 0.946617
-0.203503 -0.0139886 0.978974
0.00940713 -0.000137853 0.999956
-0.121241 0.0146368 0.992515
-0.655922 0.0347735 0.754027
0.00094621 -0.0168737 0.999857
0.39715 -0.499167 0.770133
-0.0164618 -0.177181 0.984041
-0.391581 0.0906855 0.915664
0.640869 -0.287734 0.711685
-0.337448 -0.199383 0.919987
0.537138 -0.236779 0.809579
0.169617 -0.42345 0.889899
0.512314 0.273909 0.813946
0.495198 -0.55004 0.672485
-0.386473 -0.766188 0.513414
-0.113128 0.0915314 0.989355
0.0553727 0.0168599 0.998323
-0.117481 0.057493 0.991409
-0.111273 -0.451392 0.885361
-0.132924 0.31366 0.940185
-0.191431 -0.638501 0.745434
0.0952535 0.479203 0.87252
0.615506 0.478084 0.626569
-0.799974 0.183182 0.57139
0.422449 0.432246 0.796681
0.0245977 -0.18543 0.982349
0.227321 0.576039 0.785178
0.386903 0.0456085 0.920992
0.724189 0.377499 0.5771
-0.228638 0.16399 0.9596
0.00894423 0.00116628 0.999959
-0.177324 0.646782 0.741774
-0.499811 0.0899296 0.861453
-0.770576 0.0767438 0.632711
0.583049 0.510101 0.632338
0.487452 -0.676772 0.551698
0.538606 0.350479 0.766203
-0.144683 -0.0581478 0.987768
0.474646 -0.572838 0.668257
-0.333728 0.179476 0.925426
-0.0069812 0.139115 0.990252
0.127725 0.395289 0.909633
0.238485 0.0820043 0.967678
0.333544 0.0333872 0.942143
0.0271771 0.21023 0.977274
-0.0830936 0.117391 0.989603
0.141711 0.0393606 0.989125
-0.338107 0.722047 0.603599
-0.155779 0.41405 0.896825
-0.219608 0.780096 0.585853
-0.756282 0.117174 0.643667
-0.160275 0.262047 0.951653
