-0.0916333 -0.228256 0.969279
-0.484041 0.705917 0.517094
-0.690728 0.220868 0.688558
0.0235903 -0.683835 0.729255
0.115166 0.0215424 0.993113
0.0375631 0.0205019 0.999084
-0.176671 -0.45046 0.875142
-0.232399 0.420056 0.877236
0.375881 -0.0354744 0.925989
0.0776821 0.444804 0.892253
0.611725 -0.304686 0.73004
0.200188 -0.772896 0.602126
0.25768 -0.337399 0.905408
-0.115908 0.772205 0.624711
0.408061 0.134681 0.902966
-0.133784 -0.449852 0.883026
0.132848 0.143643 0.980672
0.00625837 0.132083 0.991219
-0.494142 -0.614428 0.615062
-0.0246661 0.210847 0.977208
0.0470434 -0.622681 0.781061
0.00725916 0.418077 0.908383
0.805929 -0.289515 0.516391
-0.288933 0.435719 0.852448
0.358965 -0.0162567 0.933209
0.315878 -0.619597 0.718555
-0.130982 0.710973 0.690913
0.846057 -0.16938 0.505468
0.555465 -0.657819 0.508658
-0.183471 -0.657816 0.730491
-0.18576 0.535624 0.823772
-0.38373 -0.280921 0.879679
0.485553 0.174201 0.856675
-0.254298 0.432846 0.864857
-0.129058 -0.455605 0.880777
0.417393 -0.650588 0.634443
-0.310102 -0.705143 0.63766
-0.105311 -0.0568552 0.992813
0.379989 0.480764 0.790237
-0.15925 0.114346 0.980594
-0.260121 -0.202727 0.944055
0.670938 0.516858 0.531696
-0.0744748 0.590702 0.803446
0.730057 -0.0294611 0.682751
0.740611 0.141462 0.656875
-0.303115 -0.0804523 0.949552
-0.0669668 0.443618 0.893711
-0.652818 0.545545 0.525556
-0.0881573 -0.585244 0.806051
-0.00488439 -0.0504352 0.998715
-0.585659 -0.0550821 0.808683
-0.0127362 0.246799 0.968983
-0.761807 0.25238 0.596619
0.125088 -0.0873986 0.988289
-0.0273598 -0.224441 0.974104
0.732213 0.0486041 0.67934
0.375398 -0.0179639 0.92669
0.752979 -0.277085 0.596864
-0.231296 0.482067 0.845052
-0.325161 -0.386628 0.863012
-0.170929 -0.0804028 0.981997
-0.0156392 -0.0183123 0.99971
-0.0237604 0.239032 0.970721
0.0334977 -0.0794623 0.996275
-0.160368 -0.232192 0.959359
0.397246 -0.292499 0.86985
0.0133716 0.194416 0.980828
0.424846 -0.325783 0.844613
-0.6277 0.125049 0.768346
0.7014 0.0462689 0.711265
0.400244 -0.03142 0.91587
-0.0517738 0.138228 0.989046
-0.00971966 0.0500406 0.9987
-0.0158354 -0.19068 0.981525
-0.0177204 -0.0914852 0.995649
0.33292 -0.114403 0.935989
0.575675 0.459252 0.676525
-0.129821 0.640119 0.757228
-0.0387813 0.766832 0.640675
-0.0748195 -0.172671 0.982134
-0.115475 -0.314603 0.942173
0.211399 -0.292759 0.932525
0.424842 -0.130465 0.895817
0.738268 0.131142 0.661636
0.144262 0.657549 0.739471
-0.588483 -0.386697 0.710037
-0.552958 0.141592 0.82109
0.395071 0.234335 0.88826
-0.53939 0.17752 0.823131
-0.423363 -0.655282 0.625595
-0.28041 0.228247 0.932348
-0.067561 0.823615 0.563111
-0.40205 -0.189721 0.895747
-0.632048 0.473651 0.613327
-0.19472 -0.0855581 0.97712
0.0518497 -0.096867 0.993946
