0.372698 -0.00191093 0.927951
0.446365 -0.734089 0.511734
0.251448 -0.0718336 0.965201
0.0738878 -0.0253918 0.996943
0.323497 0.562993 0.760518
-0.548168 -0.634543 0.544855
0.287379 -0.406507 0.867274
-0.507878 -0.124402 0.852399
0.304314 -0.246889 0.920021
-0.0694861 -0.26773 0.960985
0.386204 0.652704 0.651785
0.0106599 0.275258 0.961311
-0.164855 0.16603 0.972243
0.237817 0.417446 0.87703
0.617443 -0.199711 0.760842
0.3555 -0.462373 0.8123
-0.337599 -0.791809 0.508985
-0.307922 0.503882 0.807023
-0.614918 -0.0996967 0.782263
0.0568362 0.0880626 0.994492
-0.368331 -0.49205 0.788808
-0.241961 -0.00668909 0.970263
-0.00828449 -0.24072 0.970559
-0.0254921 -0.078356 0.996599
-0.188769 -0.0567554 0.98038
0.153358 0.757878 0.634115
0.396569 -0.201784 0.895554
0.317022 -0.122039 0.940534
-0.579158 0.0279297 0.814737
-0.733569 -0.0694319 0.676058
0.0565863 0.0650384 0.996277
-0.0317399 0.0130411 0.999411
0.138083 0.53485 0.833588
0.306885 0.16886 0.936647
-0.0691539 -0.0756691 0.994732
0.0274935 0.309135 0.950621
-0.147347 0.539244 0.829159
-0.686127 -0.238286 0.687349
0.777505 0.30982 0.547264
-0.490274 -0.257479 0.832668
-0.184624 0.00891842 0.982769
-0.453172 0.710437 0.538437
-0.0693815 -0.0248583 0.99728
-0.272969 -0.0381894 0.961265
-0.295998 0.51699 0.803185
0.596143 0.312135 0.73972
0.732212 0.0465337 0.679485
-0.100547 -0.841452 0.530895
-0.241883 0.0552284 0.968732
0.12586 -0.551049 0.824927
-0.493506 0.217937 0.841995
0.399763 0.105232 0.910558
-0.0114239 0.399088 0.916841
0.00481771 -0.784116 0.620596
0.0162566 0.0766649 0.996924
0.153287 0.409803 0.899202
0.0174436 0.25089 0.967858
-0.520795 0.105348 0.847156
-0.240159 -0.0765623 0.96771
-0.271011 -0.108756 0.956413
-0.664415 0.106001 0.739808
0.373112 -0.167885 0.91247
-0.444625 -0.256862 0.858097
-0.0159265 0.0378556 0.999156
0.597364 0.463046 0.654786
0.127334 0.571662 0.810548
0.0869645 0.493481 0.865398
0.500687 0.483864 0.717766
-0.0571149 -0.581118 0.811813
0.567406 0.489249 0.662333
-0.399262 -0.588887 0.70271
0.0174968 0.0174999 0.999694
0.683202 -0.271016 0.678075
0.123192 -0.375398 0.91864
-0.227352 -0.2005 0.952948
-0.0305131 0.126332 0.991519
0.219045 0.725957 0.651924
0.34555 -0.076769 0.935255
-0.050382 -0.824254 0.563975
0.0141869 -0.0188558 0.999722
0.463373 -0.721229 0.514892
0.475158 -0.525231 0.705944
0.0360518 0.0103603 0.999296
-0.845181 0.128782 0.518734
0.149279 -0.351476 0.924219
-0.221388 0.439464 0.870551
0.380173 0.348958 0.856561
-0.40715 -0.607041 0.682444
0.0527935 0.0253708 0.998283
0.787027 -0.178778 0.590446
0.747649 -0.160972 0.644289
-0.110496 0.041818 0.992996
-0.139258 -0.0259477 0.989916
0.0323429 0.0549973 0.997963
0.0533497 -0.0379052 0.997856
0.652264 0.153705 0.742244
