-0.514291 0.0749783 0.854332
0.00252217 -0.00991827 0.999948
-0.260022 0.0186308 0.965423
0.37363 -0.543359 0.751772
0.230268 -0.463402 0.855707
-0.385905 0.595335 0.704736
0.734956 0.245757 0.632016
0.41943 -0.272685 0.865865
0.573931 0.323935 0.75211
0.38378 -0.335099 0.860478
0.0769131 0.0342738 0.996449
-0.591991 -0.532982 0.604547
0.0544799 0.021944 0.998274
-0.0555861 0.417644 0.906909
-0.225357 0.27181 0.935593
0.0396966 -0.133043 0.990315
0.557042 0.577941 0.596397
-0.461455 0.0255413 0.886796
-0.0259142 -0.0433201 0.998725
-0.303094 0.493286 0.815355
-0.819821 0.154095 0.551497
-0.279478 0.379306 0.882054
-0.643059 0.0712451 0.762495
-0.344334 0.444696 0.826849
-0.0154753 0.218016 0.975823
-0.00393953 -0.0105833 0.999936
0.829567 0.0713956 0.553824
-0.0516935 0.198767 0.978683
0.642949 -0.521689 0.560765
-0.103279 0.0451227 0.993628
0.276835 -0.298606 0.913344
0.26247 0.342989 0.901925
0.492278 -0.354603 0.794934
0.336133 -0.418621 0.843665
0.0354341 0.0415956 0.998506
0.800176 -0.246018 0.546986
0.566543 -0.216011 0.795216
-0.595676 0.270253 0.756395
0.240713 -0.423128 0.87351
-0.0149946 0.0294482 0.999454
-0.126334 0.0256261 0.991657
-0.0722267 0.0300232 0.996936
0.806015 0.0967287 0.583938
-0.292826 -0.211326 0.93252
-0.178248 -0.698422 0.693134
-0.13577 -0.350139 0.926806
0.454402 -0.100189 0.885145
0.05775 0.505302 0.861008
-0.146777 0.244085 0.958582
-0.865405 -0.0114755 0.500942
0.0390872 0.203839 0.978224
0.0750893 0.750797 0.656251
0.131158 -0.592911 0.794515
0.0911665 0.506336 0.857503
-0.389105 -0.647883 0.654863
-0.183722 -0.0465258 0.981877
0.724493 -0.435841 0.533998
0.240853 0.603383 0.760209
0.609499 0.327165 0.722132
-0.857114 0.0976105 0.505794
-0.317274 0.287809 0.903606
0.266443 0.519704 0.811736
0.231076 -0.24553 0.941445
-0.444251 -0.390528 0.806306
0.228908 0.810885 0.538579
0.282702 0.242552 0.928035
-0.348174 -0.251161 0.903157
-0.755976 0.138606 0.639757
-0.0943046 0.33168 0.938667
-0.260774 0.168776 0.950532
-0.455899 0.533255 0.712598
0.26292 -0.586227 0.766297
-0.0127265 0.0080965 0.999886
-0.0267314 -0.0721481 0.997036
-0.0144206 -0.0827184 0.996469
-0.514377 0.0557962 0.855747
0.464478 -0.617399 0.634885
0.357668 -0.332361 0.872703
0.304706 -0.717421 0.626467
-0.0853148 0.110146 0.990247
0.522372 -0.357959 0.773946
-0.170759 -0.180973 0.968551
0.21673 0.510787 0.83194
-0.41866 -0.233497 0.877612
-0.31181 -0.132517 0.940858
-0.147988 0.0433699 0.988038
-0.569247 -0.615605 0.544967
0.147084 -0.119781 0.981845
-0.0317319 -0.671824 0.740031
0.255367 -0.759267 0.598583
-0.536495 -0.137757 0.832584
-0.00613501 0.322877 0.946421
0.198785 0.238061 0.95069
-0.0080082 0.780116 0.625584
0.265421 0.185197 0.946179
-0.166359 0.743581 0.64762
