-0.759679 -0.0891387 0.64416
0.507319 -0.444953 0.738001
0.0526602 0.821049 0.568423
-0.164591 0.339999 0.925911
0.239805 -0.606978 0.757675
0.181738 0.78307 0.594788
-0.24271 -0.391671 0.887517
0.414671 0.727854 0.546147
0.395621 0.0298733 0.917928
0.3235 0.215691 0.921317
-0.217429 -0.226982 0.949318
0.848367 0.0514845 0.526899
-0.662511 0.240974 0.709232
-0.84435 0.164791 0.50982
-0.435786 0.158767 0.885936
0.503026 -0.0643242 0.861874
-0.0191496 0.020335 0.99961
-0.200391 -0.745458 0.635717
-0.014536 0.662877 0.748587
0.189304 0.102404 0.976564
-0.184478 -0.244402 0.951964
0.0632877 -0.0956382 0.993402
0.495751 -0.539255 0.680761
0.671936 -0.462669 0.578307
-0.35382 0.0602513 0.933371
-0.553722 0.324942 0.766684
0.602745 0.504495 0.61821
0.278723 -0.189034 0.941584
-0.133607 0.431693 0.892071
-0.562466 -0.651872 0.508621
0.0198658 0.025508 0.999477
0.746444 -0.322506 0.582075
-0.58477 -0.368876 0.722478
0.499224 -0.344882 0.794878
0.00657058 -0.211232 0.977414
0.225403 -0.120898 0.966735
0.63225 0.101539 0.768082
-0.469061 -0.630787 0.618133
0.0684172 -0.160766 0.984618
-0.00344875 -0.127012 0.991895
0.081622 0.404484 0.910896
-0.0466885 -0.0438306 0.997947
-0.526001 -0.0737219 0.847283
-0.20286 0.324044 0.924037
0.0044655 0.824621 0.565668
0.83954 0.0465473 0.5413
-0.57637 0.24093 0.780865
0.0273811 -0.300296 0.953453
0.689778 -0.411983 0.595379
-0.492628 -0.109702 0.863298
0.730759 -0.0756243 0.678433
-0.409973 0.390715 0.824175
0.606217 0.235367 0.759673
-0.205414 0.0871189 0.97479
-0.79676 -0.290768 0.529743
0.737609 -0.203092 0.643961
-0.0674274 0.0185136 0.997552
0.372923 -0.239688 0.896369
0.160876 -0.210017 0.964371
0.0829035 -0.117007 0.989665
-0.482557 0.15867 0.861373
-0.482807 0.488781 0.726629
-0.180942 0.353706 0.917689
0.358325 -0.650605 0.669564
0.24296 0.421748 0.873555
-0.0524658 0.0304449 0.998159
0.132786 -0.040715 0.990308
-0.465373 0.625487 0.626254
-0.45719 -0.291094 0.840382
0.174949 0.63149 0.755389
0.403686 -0.499244 0.766676
0.369092 -0.520504 0.769966
0.144548 -0.225406 0.963482
0.575751 0.295826 0.762232
0.156936 0.480438 0.862873
0.691723 -0.25166 0.676895
-0.343455 0.605717 0.717736
-0.596946 -0.138802 0.790183
0.4215 0.688641 0.59001
-0.466292 0.70964 0.528188
-0.36397 0.383601 0.84875
-0.642453 -0.555184 0.528229
0.431348 -0.425887 0.795336
-0.0371504 0.0403051 0.998497
-0.014514 0.00359378 0.999888
-0.181862 0.177561 0.96716
-0.485904 0.268271 0.831822
-0.312726 -0.0487826 0.94859
0.561476 -0.130944 0.817067
-0.00675679 -0.021606 0.999744
0.193053 -0.408735 0.892001
-0.487589 0.211181 0.847148
0.0055754 -0.0126723 0.999904
-0.0128854 -0.23172 0.972697
-0.0747392 -0.109506 0.991172
-0.216748 -0.171364 0.96107
