0.117945 0.267165 0.956406
0.486672 0.68344 0.544114
-0.482689 0.219971 0.847717
-0.660721 0.535537 0.525973
0.729697 0.266149 0.629847
0.0129039 -0.00282379 0.999913
0.207484 0.311554 0.9273
-0.574092 -0.399987 0.714442
-0.00657239 -0.070283 0.997505
0.646453 -0.216624 0.731555
-0.0634783 0.355925 0.932356
0.136352 0.431017 0.891982
-0.282115 -0.667213 0.689375
0.767982 -0.227719 0.598622
-0.269108 0.0932783 0.958582
-0.72108 0.246983 0.647336
0.296467 -0.60901 0.735673
-0.434606 0.376207 0.818282
-0.686194 0.360768 0.631652
0.775032 0.225629 0.590268
-0.155962 -0.210688 0.965032
-0.0147298 -0.101039 0.994773
0.528455 0.557108 0.640598
-0.145229 0.12259 0.981774
-0.813986 -0.259753 0.519572
0.194478 -0.58003 0.791039
-0.732153 0.223149 0.64355
0.0708928 0.166486 0.983492
-0.659755 -0.532456 0.530296
0.0710509 0.00715759 0.997447
-0.0364809 -0.0297055 0.998893
-0.297524 -0.230217 0.926542
-0.314143 0.598663 0.736829
-0.380315 -0.338309 0.86076
-0.372658 0.174174 0.911477
0.0648326 0.0635666 0.995869
-0.151448 0.0580042 0.986762
-0.536756 0.449214 0.714213
0.374692 -0.387031 0.842504
-0.0848793 0.820733 0.564971
0.067964 -0.237516 0.969003
-0.113328 -0.635785 0.763501
-0.839956 -0.197272 0.505527
-0.552533 0.360573 0.751462
-0.534027 0.591495 0.604111
0.223815 -0.6932 0.685113
-0.0361501 0.0581671 0.997652
0.466095 -0.0737686 0.881654
0.0357965 -0.277107 0.960172
0.372326 0.40153 0.836748
0.364968 0.105021 0.925078
-0.329051 0.547779 0.769197
-0.121166 -0.165683 0.978707
0.0278478 -0.396219 0.917734
0.330894 0.337522 0.881242
0.102954 -0.0231224 0.994417
-0.393387 0.309956 0.865548
0.409038 0.183806 0.893814
-0.683277 0.110328 0.721775
0.517117 0.0122885 0.855826
-0.0751487 0.0017344 0.997171
0.0132745 0.126212 0.991914
-0.417767 0.336872 0.843794
-0.129627 -0.78931 0.600155
0.394073 -0.438112 0.807938
-0.290832 -0.489055 0.822339
0.189571 -0.0186531 0.98169
0.34333 -0.577157 0.740955
-0.413445 0.740977 0.529165
-0.424099 0.133849 0.89567
-0.00199782 0.445911 0.895075
-0.454556 -0.0539603 0.889082
-0.103948 0.645553 0.756608
-0.604253 0.00890295 0.796743
-0.109391 -0.161562 0.980781
-0.0538345 -0.254456 0.965585
-0.06231 -0.252024 0.965713
0.0430022 0.0992836 0.99413
0.498564 -0.166276 0.850757
0.719815 -0.349029 0.600038
-0.137343 0.259603 0.955899
-0.447238 0.22404 0.865901
0.287705 0.338635 0.895853
0.0961042 -0.174619 0.979935
0.632428 -0.419633 0.651109
-0.0177853 -0.00144741 0.999841
0.780341 -0.172694 0.601037
-0.031961 0.022052 0.999246
0.294701 0.304034 0.905933
-0.266696 0.489202 0.830394
-0.569032 0.641493 0.514479
0.663142 0.0976129 0.742101
0.444296 -0.614677 0.651747
-0.605304 -0.473365 0.639948
0.0827566 -0.0611257 0.994693
-0.00639327 0.0058665 0.999962
