-0.145875 -0.00691617 0.989279
0.744899 0.353613 0.56576
-0.56728 -0.622869 0.538727
-0.213582 0.770037 0.601187
0.623477 0.0951642 0.776028
-0.546028 -0.47269 0.691677
0.535506 0.145206 0.831955
0.133799 0.353443 0.925838
-0.826866 -0.0630611 0.558852
-0.409684 0.354895 0.840362
-0.394658 0.0585302 0.916962
-0.500262 0.408787 0.763302
-0.303172 0.200456 0.931614
-0.290592 -0.0797098 0.953521
0.542201 0.306741 0.782258
-0.171855 -0.731349 0.659996
0.697774 0.221179 0.681316
-0.390216 -0.639335 0.662557
-0.0182435 0.0187577 0.999658
0.0496489 0.63675 0.76947
0.477718 -0.707507 0.520787
0.444301 0.141475 0.884636
0.284334 0.104274 0.953038
-0.287954 -0.381918 0.878192
0.129043 -0.10916 0.985612
-0.548084 0.0935545 0.831175
0.053697 0.0129593 0.998473
0.394272 -0.689073 0.608052
0.311155 -0.247519 0.91756
-0.30958 -0.369372 0.876199
-0.554844 0.442986 0.70421
-0.283192 0.520408 0.805591
0.153777 -0.452996 0.87815
-0.0504939 -0.256162 0.965314
-0.0291014 0.304462 0.95208
-0.0644551 0.456944 0.887157
0.146657 -0.146877 0.978222
0.665706 -0.113682 0.737504
-0.303201 -0.155471 0.940158
-0.173486 0.246419 0.953509
0.0639647 0.00596419 0.997934
0.839679 -0.208226 0.501579
0.454151 0.518093 0.724795
-0.171982 0.791247 0.586814
0.760221 0.364386 0.537854
0.433251 0.226367 0.872383
-0.766496 -0.185111 0.614994
0.587842 -0.480349 0.650928
-0.0617009 0.128577 0.989778
0.597074 0.604059 0.527841
-0.00183672 -0.00169781 0.999997
-0.173385 0.162311 0.971387
-0.736413 -0.237542 0.633459
0.013393 -0.0212439 0.999685
0.120284 -0.119131 0.985566
0.00567543 -0.00741663 0.999956
0.672247 -0.505918 0.540491
-0.134277 -0.516155 0.845904
0.483578 -0.188898 0.854675
-0.0264442 0.851009 0.524485
-0.322074 0.357881 0.876464
0.123086 -0.169575 0.977801
-0.364605 -0.621791 0.693137
0.77296 0.255007 0.580952
-0.236346 -0.409807 0.881021
0.237782 0.74882 0.618651
-0.549394 -0.499452 0.669861
0.0647328 -0.552832 0.830775
-0.14103 0.185706 0.972432
-0.224031 0.0053345 0.974567
0.0989054 -0.306073 0.946856
0.50594 -0.283076 0.814796
-0.10775 0.0656458 0.992008
-0.0873801 -0.214802 0.972741
0.164595 0.753629 0.636358
-0.358716 0.197433 0.912328
0.186888 -0.225985 0.956035
0.505298 0.458144 0.731285
0.0684637 0.720386 0.690186
0.0802135 0.39883 0.91351
0.330488 -0.755036 0.566302
-0.172674 0.037082 0.984281
0.658279 0.119459 0.743235
-0.0314605 0.353069 0.935068
0.268375 0.203064 0.941669
-0.395824 -0.0698698 0.915665
0.0274069 0.204652 0.978451
0.12416 0.0910332 0.988078
-0.159875 -0.0138632 0.98704
0.00867948 0.393619 0.919233
0.169789 -0.0283116 0.985074
-0.633921 -0.119123 0.764169
0.662193 0.486114 0.570257
0.519413 0.322779 0.791217
0.295825 0.285543 0.911566
0.204596 0.408439 0.88956
