0.153569 -0.245272 0.957214
-0.0601395 0.255049 0.965056
0.108966 -0.143025 0.983702
0.344652 0.000780094 0.93873
-0.460102 -0.0159227 0.887723
0.310133 -0.146005 0.939415
0.457109 -0.256861 0.851513
-0.335403 -0.130282 0.933023
0.145552 -0.640978 0.753632
0.0881447 -0.0971136 0.991362
0.164008 -0.0465924 0.985358
0.0701391 -0.0168407 0.997395
0.00233171 -0.000756553 0.999997
-0.365092 -0.206606 0.907757
0.485594 -0.133594 0.863916
-0.728816 -0.147492 0.668636
-0.0015225 -2.83193e-05 0.999999
0.171087 -0.717879 0.674818
0.111225 0.618674 0.777734
-0.385474 -0.054498 0.921108
-0.637721 0.12566 0.759948
-0.403678 0.189604 0.895039
-0.289335 0.673306 0.6804
0.0734265 0.305638 0.949312
0.0114189 0.0177351 0.999778
0.32138 0.485708 0.812897
-0.623112 -0.138997 0.769682
-0.603611 0.525831 0.599296
0.113603 -0.856343 0.503756
-0.306608 -0.286787 0.907604
0.638461 0.0376817 0.768731
0.12043 -0.195785 0.973224
0.207801 0.757318 0.619102
-0.58932 -0.512768 0.624316
-0.560304 0.517251 0.646924
0.202497 0.0909075 0.975054
-0.0920108 -0.117832 0.988762
-0.217855 0.40818 0.886526
0.77947 -0.208393 0.590761
0.64907 0.048837 0.759159
-0.161219 -0.55132 0.818569
0.0930129 0.390164 0.916035
-0.419388 -0.474138 0.774149
-0.289073 -0.0993503 0.952138
-0.462003 -0.16551 0.871298
0.502973 0.593235 0.628562
-0.0846019 -0.829831 0.551564
-0.362987 0.0582333 0.929973
0.41463 -0.183704 0.891254
-0.27453 0.759494 0.589747
0.616976 -0.55822 0.554735
-0.396385 0.730631 0.555929
0.0136116 -0.423033 0.906012
0.445169 -0.0714485 0.892592
0.0128188 -0.317449 0.948189
0.549901 0.097831 0.829481
0.0268184 -0.0105692 0.999584
0.208285 -0.797506 0.566217
-0.254279 0.774787 0.578833
-0.201463 -0.69298 0.692236
0.0285603 0.00332458 0.999587
0.0823704 -0.0430184 0.995673
-0.0145945 -0.130281 0.99137
0.696841 0.351738 0.625054
-0.19036 0.480615 0.856022
-0.699761 0.144744 0.69956
-0.616988 -0.596194 0.513691
0.692624 0.283781 0.66313
0.0929764 0.609756 0.787117
-0.0776861 0.507693 0.858028
0.126425 0.723944 0.678176
-0.273709 0.148782 0.950235
0.643968 -0.465133 0.607418
0.390061 -0.634884 0.666914
-0.67601 -0.26811 0.686387
0.171565 0.275614 0.945834
0.758926 -0.279932 0.587937
-0.627413 0.28308 0.72541
-0.162997 0.108619 0.980629
-0.309127 0.161607 0.937189
-0.472651 0.303047 0.827504
0.590272 -0.346137 0.729225
-0.056171 -0.0696131 0.995991
-0.0279361 0.0359796 0.998962
-0.496765 0.142276 0.856144
0.436652 -0.231627 0.869301
0.159361 0.186927 0.969362
-0.0178089 -0.051144 0.998532
0.181088 0.00892913 0.983426
-0.100585 0.526646 0.844113
0.0520821 -0.436641 0.898127
-0.302894 -0.223555 0.926433
-0.0478834 0.835344 0.547639
-0.0336476 -0.00803669 0.999401
0.342032 -0.0138886 0.939586
0.441168 -0.452588 0.774942
