0.0860999 0.0655401 0.994128
-0.469679 -0.356201 0.807788
0.37301 0.625938 0.684883
0.661367 0.524675 0.536012
0.792733 0.0437459 0.607997
-0.0951577 -0.790647 0.604833
-0.107281 -0.127301 0.986045
-0.0777961 -0.350609 0.933285
-0.677005 -0.088642 0.730621
0.00904319 -0.226842 0.97389
-0.13973 -0.795967 0.588993
-0.577423 -0.12158 0.807342
0.268895 0.0520686 0.961761
0.140977 0.048401 0.988829
-0.449671 -0.696886 0.558701
0.621984 0.206541 0.755299
0.0700889 0.361223 0.929842
0.800105 0.104243 0.590733
0.52315 0.145662 0.8397
-0.601691 -0.216981 0.768692
0.668151 -0.338469 0.662581
0.0240217 0.83375 0.551619
-0.0855581 -0.152273 0.984628
-0.397603 0.0835151 0.913749
-0.0611426 0.397218 0.915685
-0.0246698 -0.162135 0.98646
-0.238463 0.0538415 0.969658
-0.365524 0.490108 0.791319
0.540956 0.648644 0.535376
0.458665 -0.0319633 0.888034
0.292174 -0.0152707 0.956243
-0.291768 -0.0397705 0.955662
0.0772098 0.00464562 0.997004
-0.52171 -0.641343 0.562582
0.0118218 0.0622712 0.997989
0.766716 -0.196319 0.611233
0.0443171 0.397514 0.916525
-0.0284618 0.141614 0.989513
0.100783 -0.0821806 0.991508
0.0705775 0.050786 0.996213
-0.366614 -0.365987 0.855364
-0.0824543 0.0567244 0.994979
-0.00857074 -0.0459169 0.998908
-0.144145 0.164209 0.975837
-0.364247 -0.640626 0.67596
0.812716 0.0355682 0.581573
-0.212233 0.0972505 0.972368
0.0169363 0.0299177 0.999409
0.153702 0.25183 0.955488
0.00901529 -0.647283 0.762196
0.206785 -0.011868 0.978314
-0.176093 -0.228679 0.957443
-0.0615917 -0.365753 0.928672
-0.593303 -0.452827 0.665537
-0.318833 0.68664 0.653354
-0.120587 -0.856173 0.502421
0.0898363 -0.796636 0.597747
0.154416 0.0975112 0.983182
-0.299958 0.163325 0.939867
-0.349047 -0.110422 0.930577
-0.160057 -0.231378 0.959607
0.786407 -0.205915 0.582377
0.654146 0.458567 0.601506
-0.0727274 0.362822 0.929016
-0.323568 -0.157642 0.93298
-0.386948 0.628532 0.674699
0.0219827 0.393416 0.919098
0.732159 0.0757062 0.676913
0.400834 0.0943663 0.911278
-0.747231 0.0296817 0.663901
-0.394802 -0.287187 0.872728
0.0628349 -0.00990385 0.997975
0.065491 0.000355493 0.997853
-0.207185 0.246685 0.94669
-0.196602 -0.487748 0.850558
0.0436047 0.116255 0.992262
-0.0533175 -0.00276054 0.998574
-0.0376419 -0.0356601 0.998655
0.810129 0.189881 0.55465
-0.0557924 0.406557 0.91192
0.130139 -0.374951 0.917865
-0.0559035 0.208295 0.976467
-0.0126291 -0.0718894 0.997333
-0.0532452 -0.861589 0.504807
-0.587259 0.259943 0.766523
0.107562 0.443983 0.889556
0.167556 -0.201035 0.965148
-0.0514619 -0.820311 0.569598
-0.0891158 -0.0451889 0.994996
-0.0117846 0.304555 0.952422
-0.330032 0.6429 0.691201
0.505814 -0.440202 0.741872
-0.0807901 0.224764 0.971058
0.477169 0.40341 0.78075
0.382485 0.662979 0.643556
0.0847941 -0.679525 0.728736
