0.326495 0.514381 0.792977
0.584741 0.380725 0.716328
0.756254 0.379649 0.532866
-0.61094 -0.473584 0.634406
0.527555 0.367803 0.765772
0.436154 -0.721922 0.537214
0.0478555 -0.0246687 0.99855
-0.832615 -0.201207 0.516012
-0.199541 0.168024 0.965376
-0.372753 0.658314 0.65397
0.262123 -0.682799 0.681965
0.433366 0.213124 0.875655
-0.0665268 -0.338612 0.938571
0.445716 0.0346056 0.894505
-0.6137 0.311561 0.725467
-0.178959 0.418808 0.890266
0.356238 0.204408 0.911763
-0.837092 -0.0198516 0.546702
0.250991 0.506441 0.824937
-0.13667 0.407581 0.902884
-0.185593 -0.699421 0.690193
-0.650888 0.153588 0.743475
-0.0102864 0.02162 0.999713
-0.523166 -0.65082 0.550209
-0.731981 -0.00798667 0.681278
0.131332 -0.0856382 0.987633
0.604246 -0.506047 0.61547
-0.793404 0.0606981 0.605662
-0.270302 0.203041 0.941122
0.650444 0.190859 0.735184
0.0541247 0.191617 0.979976
0.143824 -0.0466496 0.988503
-0.557578 -0.128887 0.820058
-0.0689678 -0.442294 0.894214
0.111704 0.265619 0.957585
-0.0326122 0.164678 0.985808
-0.0615348 -0.0899302 0.994045
0.315733 0.0442791 0.947814
0.1737 -0.22072 0.959745
-0.000747829 0.0368497 0.999321
-0.579504 -0.587343 0.56498
-0.464683 0.107352 0.878946
-0.55185 0.0648955 0.831414
-0.0645267 -0.0194296 0.997727
-0.0126004 -0.723996 0.689689
0.535972 -0.424752 0.729603
0.0903996 0.508252 0.856451
0.0582158 -0.144117 0.987847
-0.249107 0.78087 0.572877
-0.209831 0.481253 0.851097
0.0902043 0.818334 0.567621
0.130804 0.0258182 0.991072
0.0755894 -0.311524 0.947227
0.524304 -0.0241559 0.851189
0.105192 0.55958 0.822074
-0.249522 -0.435015 0.865159
0.676959 0.240189 0.695726
0.840182 0.141971 0.523392
-0.364408 0.47707 0.799757
0.327798 -0.783547 0.527828
-0.26775 -0.452427 0.850658
-0.681125 -0.295568 0.669857
0.601449 -0.0360395 0.798098
-0.0139291 -0.581826 0.813194
0.483481 0.338057 0.807442
0.463548 0.687043 0.559549
0.405256 0.137472 0.903808
-0.323397 0.578741 0.748647
-0.481096 -0.00482022 0.876654
0.0546638 0.0746555 0.99571
0.216834 -0.24849 0.944053
0.35492 -0.0895405 0.930599
0.00599331 0.0202093 0.999778
0.307887 -0.187263 0.932812
0.0043297 -0.00795228 0.999959
-0.0506839 0.242688 0.96878
0.280305 -0.291643 0.914535
0.0109594 0.607966 0.793887
-0.533675 -0.55599 0.637233
-0.283025 -0.352306 0.892063
-0.291905 -0.775844 0.559337
-0.0898754 0.0404417 0.995132
0.181342 -0.534227 0.825661
-0.268755 0.405027 0.873913
-0.203777 -0.309517 0.928802
-0.0514146 0.591186 0.804895
-0.570267 -0.562719 0.59845
-0.00735702 0.0998966 0.994971
-0.118713 -0.236465 0.964361
-0.223665 -0.721581 0.655206
-0.1376 0.250538 0.958278
0.372547 0.461706 0.805007
-0.118096 -0.208645 0.970835
0.567218 -0.196759 0.799718
-0.0451295 -0.0513353 0.997661
0.756172 0.281793 0.59059
