-0.19203 0.418297 0.887779
0.353419 -0.66076 0.662187
0.325253 0.780055 0.534532
0.0801897 -0.18022 0.980352
-0.0494572 0.392919 0.918242
0.0722718 -0.0544244 0.995899
0.436863 0.304149 0.846548
-0.0579609 0.389823 0.919064
-0.715117 -0.33972 0.610899
0.320632 -0.0118328 0.94713
0.366199 -0.392784 0.843575
-0.312097 -0.335286 0.88892
0.228389 0.659625 0.716054
0.805808 -0.21929 0.550078
-0.154445 0.299887 0.94139
0.00933888 0.504277 0.863491
-0.241464 0.427239 0.871299
-0.840492 -0.194103 0.505863
0.21631 0.70373 0.676738
-0.516209 -0.331855 0.789557
-0.0999298 -0.0140722 0.994895
-0.354219 0.445132 0.822427
-0.119668 0.732813 0.669825
0.0214155 -0.150402 0.988393
-0.503215 -0.570416 0.649154
-0.0534932 -0.0532427 0.997148
0.182245 -0.042849 0.982319
-0.587008 -0.358557 0.72585
-0.215397 0.386553 0.896761
0.154881 0.106782 0.982145
0.454269 0.690021 0.563481
0.0697571 -0.0952923 0.993002
0.179893 -0.201056 0.96292
0.850315 -0.0688948 0.521746
-0.644242 0.269876 0.715625
0.0308564 0.148601 0.988416
-0.189042 0.158304 0.969125
-0.112393 -0.77633 0.620225
0.228309 0.73917 0.633642
0.339881 -0.0398504 0.939624
-0.511072 0.636655 0.577473
-0.0988632 -0.098164 0.990247
-0.0779028 0.000194031 0.996961
0.100397 -0.17355 0.979694
-0.703745 -0.0155908 0.710281
0.671726 -0.465746 0.576076
0.0611842 0.0120228 0.998054
0.465521 0.403144 0.787887
0.293498 0.689706 0.66194
0.000640136 0.162355 0.986732
-0.222094 -0.638195 0.737144
-0.0405811 0.193415 0.980277
0.302382 -0.273471 0.913115
-0.401093 -0.0343065 0.915395
0.284912 0.0734212 0.955738
-0.0580612 0.295372 0.953616
-0.415586 -0.7364 0.533857
0.034157 0.0740948 0.996666
-0.13699 -0.505741 0.851739
0.297687 -0.03023 0.954185
-0.671479 0.223971 0.706366
0.817159 -0.0917902 0.569057
-0.379303 0.748655 0.543732
-0.761841 0.0796584 0.642848
-0.0630444 0.756627 0.6508
-0.0619407 0.49535 0.866482
0.807646 -0.192917 0.557217
0.106853 0.615593 0.780786
-0.0729184 -0.0696882 0.9949
0.245817 -0.496831 0.832306
-0.676425 -0.058533 0.734182
-0.65277 0.317898 0.687628
-0.013441 -0.0175138 0.999756
0.389139 -0.548022 0.740434
0.341328 -0.0647454 0.937712
-0.214283 -0.369575 0.904155
0.591429 -0.178694 0.786308
0.0766855 0.224994 0.971338
-0.27276 0.620865 0.734934
0.372549 0.723901 0.580667
-0.440897 0.419342 0.793576
-0.569379 -0.571214 0.591203
-0.0502343 -0.0142789 0.998635
-0.427359 0.156539 0.890427
0.347703 -0.0219105 0.937349
0.134654 0.261259 0.955831
0.542623 0.669977 0.506648
0.638475 0.33883 0.691046
-0.563175 0.644183 0.517554
0.753125 0.000891333 0.657877
0.547418 -0.654851 0.521061
-0.108318 0.303398 0.946687
-0.341101 -0.234418 0.910329
-0.41732 0.568137 0.70927
0.0244851 -0.776981 0.629048
0.103076 0.00155757 0.994672
