0.110336 0.0195934 0.993701
-0.764444 0.188332 0.616568
0.195079 -0.484001 0.853046
0.00902716 -0.56858 0.822579
-0.0571211 -0.377374 0.924297
-0.0893774 0.102504 0.990709
-0.0167261 -0.105044 0.994327
-0.777085 -0.223072 0.588539
0.508272 -0.0902716 0.856452
-0.392184 -0.633591 0.666899
0.00482337 -0.048391 0.998817
-0.142182 -0.316878 0.937749
0.151419 -0.0253847 0.988144
-0.394631 0.44439 0.804229
-0.280903 0.0134764 0.959642
0.193617 0.689235 0.698189
0.522393 0.601533 0.60437
0.48961 0.581822 0.649434
0.683781 -0.488339 0.542189
0.513997 -0.629171 0.583053
0.485023 -0.616077 0.620646
-0.0962748 -0.138513 0.98567
-0.00767323 -0.466607 0.884431
-0.744525 0.328256 0.581318
0.827726 -0.159232 0.538066
-0.456076 -0.190792 0.869249
-0.00331212 0.316434 0.948609
0.169137 0.785146 0.595767
-0.106664 0.497896 0.860652
0.247023 -0.760734 0.600219
-0.0749653 -0.307375 0.948631
-0.653605 0.248187 0.714985
-0.0616275 0.2203 0.973483
0.26078 0.644915 0.718386
-0.521007 -0.153014 0.839725
-0.400625 -0.239524 0.88438
0.65841 -0.514813 0.549058
0.00383163 0.250868 0.968014
0.0930553 -0.694209 0.713732
-0.248122 -0.63606 0.730659
-0.843324 -0.0137153 0.53723
-0.476168 -0.127478 0.870065
0.0938472 0.136746 0.986151
0.00825051 -0.00366958 0.999959
0.253403 -0.647595 0.718615
0.48875 0.638787 0.594201
0.383447 -0.537848 0.750792
-0.502862 0.0631487 0.862057
0.400111 0.0899011 0.912047
-0.148031 0.00953996 0.988937
-0.418066 0.187518 0.888852
0.294634 0.115256 0.948634
0.000455426 -0.00491783 0.999988
-0.689879 -0.140438 0.710172
-0.00261081 -0.00386334 0.999989
-0.646165 0.471629 0.600031
-0.200191 0.0315754 0.979248
0.731442 -0.27656 0.623303
-0.584956 0.58031 0.566628
-0.197201 -0.234104 0.952002
-0.0152216 -0.0245768 0.999582
0.716232 -0.313824 0.623319
-0.467487 0.486053 0.738382
0.271968 0.452293 0.849391
-0.60474 0.575846 0.550173
0.704661 0.360365 0.61122
-0.324914 0.763458 0.558179
-0.0786267 -0.523706 0.848263
-0.00876496 -0.00375034 0.999955
0.300678 0.730777 0.612827
-0.190006 0.18907 0.963405
0.806217 -0.0609902 0.588468
0.117229 0.527933 0.841156
0.244109 0.184319 0.95207
0.776842 -0.0486575 0.627813
-0.313555 -0.491953 0.812198
-0.732226 0.114313 0.6714
-0.361268 0.0503568 0.931101
-0.122014 0.149142 0.981259
-0.0653779 -0.0377176 0.997147
-0.552087 -0.480971 0.681077
0.287342 0.528472 0.798844
-0.208092 -0.707339 0.675551
0.326592 0.0815652 0.941639
0.56967 0.108851 0.814633
0.501883 0.296248 0.812619
0.347185 0.729783 0.588965
-0.681157 0.0912454 0.72643
0.146855 0.0678178 0.98683
-0.112143 -0.175022 0.978157
0.253612 -0.085862 0.963488
0.336636 -0.0994247 0.936371
0.441872 -0.67436 0.591597
0.063087 -0.0401539 0.9972
-0.233452 -0.366704 0.900571
0.208717 0.671518 0.710985
