-0.0829116 0.648902 0.756341
0.127294 0.285829 0.949788
-0.106571 -0.0706318 0.991793
-0.40606 -0.226408 0.885356
0.0373989 0.78875 0.613575
0.318296 -0.720875 0.615651
0.41974 -0.748969 0.512702
0.433635 0.422178 0.796069
0.0243645 -0.714922 0.698779
-0.0139445 0.00949793 0.999858
0.0446508 -0.517206 0.854695
-0.0422639 -0.209405 0.976915
-0.142807 0.296505 0.944294
-0.209175 0.832415 0.513157
-0.0163056 0.0242782 0.999572
-0.307048 0.801276 0.513497
-0.214623 -0.294561 0.93122
0.446347 0.199965 0.872232
0.151717 -0.155308 0.976146
-0.72469 -0.41215 0.552229
0.506446 -0.274426 0.817437
0.364431 0.0049572 0.931217
-0.432816 0.422132 0.796539
0.238321 -0.149686 0.959582
0.42144 0.741551 0.522006
0.103671 0.118642 0.98751
0.813385 0.0141173 0.581554
0.519123 -0.171411 0.837334
-0.418175 0.454892 0.786258
0.228679 0.319498 0.91958
-0.64852 0.404749 0.64467
-0.301408 0.304186 0.903673
0.345737 -0.259812 0.901645
-0.208535 0.328678 0.921132
0.0193457 -0.0127948 0.999731
0.111621 0.0873752 0.989902
0.638702 -0.492849 0.590898
-0.521836 -0.595157 0.611126
-0.0899203 0.142526 0.985698
0.492896 -0.551171 0.673249
0.34283 0.439353 0.830323
-0.213288 -0.296479 0.930918
-0.319677 0.768649 0.554062
0.629313 0.548185 0.55087
-0.264384 0.570308 0.777721
0.397066 -0.25146 0.88267
0.00768021 -0.00762027 0.999941
-0.753444 0.230711 0.615707
-0.306376 -0.154399 0.939305
0.262884 -0.0609964 0.962897
0.769736 -0.269463 0.578702
-0.638788 -0.474544 0.605605
-0.566107 0.172119 0.806162
-0.131186 0.0205847 0.991144
0.0367572 -0.834867 0.549223
-0.674163 0.00465355 0.738568
-0.788482 -0.203691 0.580351
0.555188 0.440308 0.705617
-0.594227 -0.0270322 0.803843
-0.609319 0.132112 0.781842
0.0136021 -0.111012 0.993726
-0.617992 -0.251423 0.744897
0.168637 0.579306 0.797475
0.0957772 -0.206817 0.97368
-0.15656 -0.603152 0.782111
0.280357 -0.43433 0.856012
-0.0619265 0.805097 0.589901
0.350956 0.1473 0.924734
0.593214 -0.323787 0.737062
0.81657 0.0545087 0.574667
0.0788104 0.085617 0.993206
0.495386 0.165777 0.852708
-0.132205 -0.369469 0.91979
-0.270486 -0.560372 0.782828
0.396728 0.249646 0.883337
0.701633 0.372021 0.60771
-0.17231 -0.266606 0.948278
0.0356292 -0.00597721 0.999347
-0.447343 -0.586526 0.675182
-0.170867 -0.128961 0.976818
0.751408 0.20259 0.627968
-0.732037 -0.383162 0.563301
0.0319613 -0.0340591 0.998909
-0.169222 0.146095 0.97469
-0.309489 -0.35386 0.88261
-0.0412291 -0.658731 0.751248
0.788689 -0.000716664 0.614792
-0.543479 0.34576 0.764906
-0.0121764 -0.725914 0.687678
-0.00267205 -0.0362778 0.999338
0.221142 0.489233 0.843651
-0.00915496 -0.237028 0.97146
0.5311 -0.328525 0.781027
0.00327173 -0.292045 0.956399
0.277112 -0.511641 0.813285
0.557845 -0.073799 0.826657
