-0.0563922 0.00659825 0.998387
0.197903 -0.84053 0.504325
-0.329865 0.304031 0.893731
0.600551 -0.216448 0.769733
0.122061 -0.14282 0.982193
0.647943 -0.43504 0.625228
-0.484227 -0.493843 0.722248
0.42708 0.271031 0.862639
0.283957 0.00219877 0.958834
-0.414906 -0.756173 0.506019
0.116576 0.0346977 0.992575
-0.0273445 -0.0694088 0.997213
0.665761 0.311274 0.678137
-0.524143 -0.300153 0.796983
-0.137734 0.418425 0.897747
-0.573943 0.586569 0.571425
0.365551 0.0879372 0.926628
-0.330444 -0.109753 0.937422
0.0301601 -0.417739 0.908066
-0.633163 -0.345328 0.692714
-0.475838 0.577646 0.663252
0.18228 0.175981 0.96737
-0.148107 -0.358852 0.921569
-0.0590282 -0.0296013 0.997817
0.315236 0.0803314 0.945607
0.280112 -0.191269 0.94072
0.639213 0.340551 0.689516
0.560813 0.169161 0.810477
-0.179241 0.216246 0.959745
0.134869 -0.536985 0.832741
0.678506 -0.0800965 0.730215
0.313767 -0.518808 0.795229
-0.595839 0.0902412 0.798017
-0.35453 0.512539 0.782056
0.355426 0.183903 0.916435
0.169567 0.0722751 0.982865
0.240564 -0.0948441 0.965988
0.617523 0.568484 0.543591
-0.0613307 0.281216 0.957683
0.169678 0.246665 0.954131
-0.420513 -0.0982202 0.901954
-0.207047 -0.147945 0.96708
-0.778321 -0.0795764 0.622804
-0.136994 -0.0531709 0.989144
0.276513 0.261015 0.924885
-0.0770214 -0.0493975 0.995805
-0.118526 -0.273299 0.954599
0.503469 -0.392614 0.769658
0.0136703 0.12683 0.99183
0.287854 0.477683 0.830035
-0.00135127 -0.315992 0.948761
-0.132615 -0.794119 0.593118
0.17855 -0.306196 0.935074
0.332864 0.241669 0.911481
-0.261015 -0.38844 0.883734
0.103672 0.300244 0.948212
-0.279508 -0.351687 0.893415
-0.17153 0.0283534 0.984771
0.324513 -0.0342538 0.945261
0.0256976 0.383707 0.923097
-0.0173102 0.187802 0.982054
-0.375696 -0.165073 0.911923
0.23781 0.40859 0.881193
-0.0675041 0.100285 0.992666
-0.194771 0.538136 0.820045
0.349373 -0.0164 0.93684
-0.0782156 -0.50629 0.858809
-0.0187008 -0.0206967 0.999611
-0.124121 -0.201133 0.971668
0.392725 -0.478503 0.785367
0.417303 0.194402 0.887731
-0.0647118 0.719031 0.691959
-0.668789 0.114116 0.734642
-0.196665 -0.34158 0.919046
0.0292003 -0.563325 0.825719
0.0115207 0.00715183 0.999908
0.60097 -0.314656 0.734729
-0.352785 0.315186 0.881022
-0.415147 -0.408414 0.812927
0.0781623 0.199737 0.976727
0.478154 0.326496 0.815334
0.10834 0.160819 0.98102
0.422247 0.533945 0.732537
-0.042785 -0.0655084 0.996934
-0.164305 0.0559851 0.98482
0.258566 -0.1504 0.954213
-0.0808514 0.532973 0.842261
0.023665 -0.044741 0.998718
-0.0381465 -0.0125805 0.999193
-0.14494 0.0874054 0.985572
0.0434477 -0.521907 0.851895
0.687451 -0.396614 0.608365
0.217367 0.771931 0.597389
0.541072 -0.645918 0.538546
-0.216523 -0.226338 0.949678
0.223399 0.101029 0.969477
