0.00917957 -0.474581 0.880164
-0.030981 -0.000952986 0.99952
-0.384525 -0.0375698 0.92235
-0.0562407 0.166499 0.984436
-0.169448 0.350985 0.920922
0.718465 -0.19254 0.668383
-0.0420916 0.0392793 0.998341
-0.203342 -0.263858 0.942884
-0.0183406 0.0230496 0.999566
-0.196488 -0.00402454 0.980498
-0.48659 0.234231 0.841645
0.270627 -0.443182 0.854606
0.406471 0.0791333 0.910231
0.754816 0.316564 0.574491
0.0186542 0.0292218 0.999399
-0.0184552 0.47853 0.877877
0.100945 -0.0851405 0.991242
0.777875 0.275772 0.564677
-0.172457 -0.261627 0.949637
-0.661192 -0.104305 0.742931
-0.142767 0.15407 0.977691
0.225278 0.379253 0.89745
0.13205 0.299397 0.944947
-0.445643 -0.584855 0.677751
-0.0334069 -0.179751 0.983145
-0.0195551 -0.0133012 0.99972
0.110495 0.727544 0.677105
-0.383358 -0.130523 0.914331
0.100191 -0.69864 0.708423
0.0803721 -0.198721 0.976755
0.097158 -0.0469445 0.994161
0.278259 0.224969 0.933788
-0.11153 0.199244 0.973583
0.674995 -0.0990785 0.731139
0.245139 0.0514899 0.96812
-0.123561 0.690523 0.712678
0.496244 0.135696 0.857513
-0.163339 0.182174 0.969605
0.429254 0.163953 0.888178
0.0769566 -0.749292 0.657754
-0.435304 -0.452916 0.77806
-0.375941 -0.472384 0.797196
0.254773 -0.313647 0.914722
0.315598 0.378283 0.87023
-0.0271698 -0.218908 0.975367
-0.302262 0.432877 0.849268
0.248527 -0.179501 0.951848
0.0323223 0.423266 0.905429
0.266785 -0.2208 0.938122
-0.0828455 -0.236086 0.968194
-0.0635358 -0.293476 0.953853
-0.524205 -0.385486 0.759348
0.226619 -0.244638 0.94276
0.706747 -0.15342 0.690631
0.168974 -0.42455 0.889497
0.333235 -0.0664328 0.940501
0.554073 -0.401233 0.729394
0.113746 -0.438201 0.891651
-0.156654 -0.740386 0.653673
-0.323571 -0.157614 0.932984
0.176419 -0.0176067 0.984158
0.677299 0.270081 0.684341
-0.199091 0.197108 0.959954
0.653926 -0.179198 0.73503
0.00281739 0.807593 0.589733
-0.545264 -0.550255 0.632381
0.442896 -0.108545 0.889978
0.620416 0.483539 0.617474
0.0965853 -0.109527 0.98928
0.27772 -0.155377 0.948014
0.480383 0.151754 0.863831
0.211723 0.461312 0.861606
-0.0964433 -0.112254 0.988988
-0.36957 0.119424 0.921496
0.116323 -0.400703 0.908794
0.279856 -0.132334 0.950878
-0.345949 0.308773 0.88599
0.42437 -0.05526 0.903801
0.00807611 0.026621 0.999613
0.00308484 0.0419793 0.999114
-0.301956 0.350326 0.88662
0.139135 0.758109 0.637112
-0.581479 -0.588419 0.561823
-0.619071 -0.51356 0.594144
0.538683 0.62332 0.566826
-0.664469 -0.237095 0.708708
-0.104993 -0.356215 0.928487
-0.702066 0.431794 0.566266
-0.197046 -0.635116 0.74686
0.257116 0.453776 0.853217
-0.098997 0.121744 0.987612
-0.345117 -0.346498 0.872258
-0.0912274 0.843086 0.529984
0.323288 0.735244 0.595736
0.828956 -0.212486 0.51738
0.189197 0.426498 0.88448
