0.372314 -0.103086 0.922364
0.0700975 -0.768855 0.635569
-0.520362 0.00574212 0.853926
0.347447 0.658142 0.667929
-0.544567 0.347924 0.763149
-0.104343 0.0452741 0.99351
0.171293 0.603123 0.779039
0.0748307 0.663767 0.744187
-0.794413 0.288764 0.534343
0.234823 0.0462285 0.970938
0.00879438 -0.0320467 0.999448
-0.100634 -0.00792953 0.994892
0.274649 -0.271198 0.922507
-0.0472725 0.178464 0.98281
0.689073 0.0473053 0.723147
0.356819 0.27843 0.891715
-0.659613 0.394346 0.639845
0.0463542 -0.623098 0.780769
-0.15965 0.67933 0.716256
-0.485718 0.676572 0.553469
0.0138309 0.416543 0.909011
0.165694 0.233558 0.958121
-0.445283 0.564188 0.695281
-0.725955 -0.345245 0.594806
-0.0279721 0.518286 0.85475
-0.281855 -0.237203 0.929673
-0.110414 0.0619377 0.991954
0.386431 -0.748402 0.53904
-0.183634 0.477824 0.859048
-0.00199861 0.167422 0.985883
-0.468751 -0.626241 0.622973
0.446726 -0.120581 0.886508
-0.317985 -0.33273 0.887793
-0.00315044 -0.0110119 0.999934
-0.0239607 -0.28592 0.957954
-0.222141 0.409514 0.884845
0.374227 0.27475 0.885701
-0.359056 0.292544 0.886283
0.182774 0.679312 0.710725
-0.416274 0.360061 0.834908
-0.00182364 -0.43425 0.900791
0.00191107 -0.000250677 0.999998
0.0707722 0.0197576 0.997297
0.521039 0.0207216 0.853281
0.561042 0.165561 0.811062
-0.280406 -0.543892 0.790919
-0.127102 -0.42915 0.894246
0.599273 -0.0554641 0.798621
0.596954 0.300968 0.743683
-0.276692 -0.115634 0.953976
-0.0512171 -0.020675 0.998474
-0.548827 -0.450042 0.704451
-0.263675 0.19251 0.945207
-0.398676 0.518363 0.756543
-0.139972 -0.0683555 0.987793
-0.618587 0.0859619 0.781
-0.0382781 -0.127314 0.991124
-0.031986 0.00838053 0.999453
0.167198 0.0101673 0.985871
-0.464033 -0.531541 0.708616
0.131764 0.707738 0.694079
0.231004 -0.609469 0.758409
0.420152 0.498362 0.758358
-0.11519 -0.0203449 0.993135
-0.268898 -0.073282 0.960377
-0.682487 0.478418 0.552564
-0.34803 -0.367264 0.86255
-0.532698 0.473597 0.701384
-0.0111357 -0.0596527 0.998157
-0.617521 -0.450129 0.645021
0.318565 0.784541 0.531988
-0.0407096 -0.160518 0.986193
-0.0561246 0.421866 0.904919
-0.128952 0.13457 0.982478
0.0872831 -0.4581 0.884605
-0.0414414 0.0259189 0.998805
-0.403786 -0.0332004 0.914251
-0.192681 0.603135 0.774017
0.213357 -0.605142 0.766996
0.473046 -0.222509 0.852477
-0.0978304 -0.157358 0.982684
0.406069 -0.613593 0.677208
-0.295105 0.548335 0.782459
-0.551155 0.381664 0.741997
0.797499 -0.254667 0.546937
-0.650977 -0.151805 0.743763
0.061275 0.425562 0.902852
-0.160499 0.547821 0.821056
0.0582038 0.428678 0.901581
0.335167 -0.0489093 0.940889
0.0133412 0.562014 0.82702
-0.44531 -0.0392058 0.894518
0.479891 -0.268938 0.835091
-0.625432 0.525109 0.577144
0.00841455 -0.00264347 0.999961
0.132231 0.308457 0.942003
