-0.705646 0.485357 0.51623
-0.256477 -0.176267 0.950342
0.0155552 -0.157973 0.987321
0.603777 -0.27686 0.74753
0.121168 -0.402454 0.907386
-0.856008 0.111095 0.504885
-0.0435483 -0.32138 0.945948
-0.195275 0.0591949 0.978961
0.147405 -0.0520521 0.987706
0.00987554 -0.313118 0.949663
0.481919 -0.421665 0.768084
-0.211984 -0.247431 0.945431
0.312501 -0.730273 0.60749
0.130142 0.401843 0.906413
-0.00581588 0.0234072 0.999709
0.21987 -0.628532 0.746059
0.159038 -0.387559 0.908022
-0.248182 -0.0302226 0.968242
-0.023093 0.378965 0.925123
-0.356891 0.77717 0.518301
0.0526281 -0.585992 0.808606
-0.0282973 0.323676 0.945745
-0.0536402 0.00375134 0.998553
-0.103953 0.247655 0.963255
-0.190933 -0.53539 0.822741
0.333402 0.220497 0.916637
-0.0914354 0.111433 0.989557
0.0235968 0.034637 0.999121
-0.776018 0.314643 0.546622
-0.0460746 0.341984 0.938575
0.176391 0.0534795 0.982866
0.362762 -0.750946 0.5518
0.0259048 0.00232411 0.999662
0.384881 0.178989 0.905444
0.633943 0.370263 0.678986
-0.0078947 -0.0650259 0.997852
0.203147 0.161743 0.965697
-0.137315 0.371515 0.918216
-0.736872 0.245395 0.629921
-0.4713 -0.523878 0.709527
-0.169955 -0.150365 0.973913
0.097196 -0.0348964 0.994653
0.309447 0.700379 0.643205
0.493417 0.701638 0.514046
-0.597008 0.47079 0.649568
-0.259576 -0.510896 0.819516
0.0631115 -0.786607 0.61422
-0.0893536 -0.172141 0.981011
-0.0373317 -0.139969 0.989452
-0.0521612 0.14378 0.988234
-0.447888 0.568285 0.690252
0.692875 0.236251 0.681257
-0.183824 0.0114863 0.982892
-0.2223 0.411716 0.883783
-0.117192 0.743032 0.658915
-0.735397 -0.404025 0.544018
-0.278203 0.795674 0.538057
0.462657 0.5321 0.709097
0.060835 -0.0707807 0.995635
-0.386765 0.404388 0.828784
0.341396 0.462159 0.818448
-0.18762 -0.468046 0.863558
0.0637993 0.526428 0.847823
-0.299377 -0.1622 0.940247
0.278667 -0.529543 0.801205
-0.120697 0.0750625 0.989847
-0.250347 0.749344 0.613033
-0.28249 0.184956 0.941271
-0.626031 0.363203 0.690049
0.298574 0.106819 0.94839
-0.35706 -0.048104 0.932842
-0.164135 0.172987 0.971152
-0.0472874 0.339467 0.939428
0.599877 0.571225 0.560223
0.195857 0.1827 0.963463
-0.578517 0.0749576 0.812219
-0.162646 0.319265 0.933604
-0.458976 -0.323665 0.827395
-0.225338 -0.18734 0.9561
-0.149332 0.072565 0.986121
0.455498 0.69072 0.561629
0.256879 0.546409 0.797152
0.193702 -0.059036 0.979283
0.409709 0.0466086 0.911025
-0.16308 -0.000278637 0.986613
0.405187 -0.259436 0.876651
-0.705569 0.122671 0.697942
0.0358648 0.157478 0.986871
0.0171394 0.0338063 0.999281
0.0144197 -0.833306 0.552624
0.273179 0.317981 0.907888
0.0801589 -0.0236565 0.996501
0.742404 0.280855 0.608241
-0.488625 -0.252838 0.835056
0.103658 -0.0236755 0.994331
0.0672532 -0.471347 0.87938
