-0.516979 -0.102369 0.849855
-0.0955398 0.0877677 0.991549
0.599784 -0.463234 0.652436
0.0256097 -0.0160348 0.999543
-0.396959 0.534893 0.745864
0.131958 0.500046 0.855886
0.0677167 -0.199833 0.977487
-0.326943 -0.667929 0.668565
-0.0227274 0.0233858 0.999468
-0.37105 -0.280712 0.885168
0.33609 0.473093 0.814387
-0.842349 0.0644052 0.53507
-0.0960392 0.810543 0.577752
0.536809 0.409004 0.737937
0.38997 0.24126 0.888661
0.0372367 0.325013 0.944976
0.408914 -0.582772 0.702258
0.217982 0.571512 0.791112
-0.0763277 0.0271067 0.996714
0.413005 0.0662043 0.908319
0.417404 0.732072 0.538372
0.573752 -0.392997 0.718583
0.302866 -0.807262 0.506558
0.130776 -0.329672 0.934994
0.388136 -0.144656 0.910178
0.0209798 0.039636 0.998994
-0.13481 0.0685147 0.9885
-0.0538125 0.440181 0.896295
0.546607 0.0399522 0.836435
-0.488325 0.681348 0.545255
0.28546 -0.165947 0.943914
-0.478104 -0.695767 0.536027
0.45035 -0.307773 0.838129
-0.176389 0.0660629 0.982101
-0.155875 0.639048 0.753207
-0.225401 -0.0950509 0.969618
-0.264771 0.238628 0.93432
-0.0414393 0.339145 0.939821
-0.121944 0.175474 0.976902
0.0534982 -0.32682 0.943571
-0.661662 -0.473479 0.581395
-0.249881 0.150001 0.956587
0.739099 0.129506 0.66103
0.42927 0.572105 0.698873
-0.159125 -0.541218 0.825689
-0.384709 -0.44706 0.80755
-0.662136 0.449196 0.599832
0.698022 0.457525 0.55085
-0.723276 -0.152157 0.673587
-0.263212 0.388814 0.882918
0.0837745 0.137588 0.98694
0.74199 0.275662 0.611115
0.0229443 -0.093598 0.995346
-0.243034 0.414295 0.877094
0.239597 -0.764268 0.598738
-0.0106678 -0.0566789 0.998335
0.276926 -0.38429 0.8807
-0.252706 -0.773848 0.580774
0.297159 -0.150315 0.942922
0.5172 0.385273 0.764244
-0.51138 0.303892 0.803829
0.178362 -0.465377 0.866955
0.151374 -0.0534241 0.987032
-0.411047 0.594961 0.690696
-0.24752 -0.522037 0.816218
-0.206885 0.0686222 0.975956
0.00707981 -0.0322451 0.999455
0.0308804 -0.0130039 0.999438
-0.0968053 -0.615156 0.78244
0.0650415 0.00936248 0.997839
-0.0540085 0.0813948 0.995218
0.372483 0.0403711 0.927161
-0.224152 0.30684 0.924989
-0.356454 -0.497121 0.791082
-0.690772 0.0159378 0.722897
0.387665 -0.684474 0.617423
0.302525 0.429328 0.850974
0.0682021 -0.118147 0.990651
-0.0360425 -0.746435 0.664482
-0.0121194 -0.0135422 0.999835
-0.723998 0.267497 0.635824
-0.527566 0.135632 0.838617
-0.5894 0.421302 0.689284
0.420092 -0.514713 0.747391
0.74192 0.237034 0.627192
0.237452 -0.00240303 0.971396
-0.183932 -0.486223 0.854258
0.468032 0.588468 0.659282
0.134236 -0.00431586 0.99094
-0.266393 -0.428026 0.863614
0.0399194 0.0518163 0.997858
0.236913 0.463633 0.853766
-0.20531 -0.802536 0.560164
-0.513018 -0.561664 0.649112
-0.0331919 0.409519 0.911698
-0.59462 -0.14006 0.791713
