0.408566 -0.210351 0.888159
0.240114 0.204827 0.948889
0.0480691 -0.151017 0.987362
-0.732358 -0.1766 0.65762
0.208244 -0.051118 0.97674
-0.202581 -0.701712 0.683053
-0.245994 0.0181525 0.969101
0.325935 0.0917303 0.940931
0.403008 0.205506 0.891825
0.144628 -0.0132418 0.989398
-0.0176864 -0.812651 0.582483
-0.237931 -0.257541 0.936516
-0.171038 -0.0434602 0.984306
0.266104 -0.108093 0.957865
0.0288462 -0.0258706 0.999249
0.361395 0.00826878 0.932376
-0.20647 -0.542416 0.814343
-0.130685 -0.04981 0.990172
-0.13395 -0.0602419 0.989155
-0.453435 0.631967 0.628502
-0.524772 -0.456759 0.718321
-0.171166 0.379165 0.90936
0.0412475 -0.117688 0.992194
0.459783 -0.0460891 0.886834
0.0878881 0.153984 0.984157
0.823001 0.229646 0.51955
-0.0086263 0.0314809 0.999467
-0.37601 -0.63017 0.67934
0.097433 0.233334 0.967503
-0.0631161 -0.0513032 0.996687
0.159256 -0.51657 0.841304
0.0799759 0.040987 0.995954
-0.625783 -0.397142 0.671322
0.637578 -0.444157 0.629459
0.714564 0.343385 0.609496
0.0369581 -0.0238227 0.999033
0.314432 -0.733823 0.602193
-0.374363 -0.585845 0.718775
-0.150232 0.034149 0.988061
0.604457 -0.0494988 0.795098
-0.00318587 -0.0197932 0.999799
0.193968 0.149108 0.96961
0.121473 0.692532 0.711086
0.470546 0.139756 0.871237
0.000815373 0.00958452 0.999954
0.0407875 0.146492 0.988371
-0.213309 0.350147 0.912084
0.369455 -0.70267 0.608076
0.0488675 0.8422 0.536946
0.115048 0.0372663 0.992661
-0.183636 -0.449946 0.873972
0.520171 0.289113 0.803639
-0.537544 0.109845 0.836051
-0.40277 -0.640839 0.65353
0.286765 0.689 0.665617
-0.609161 0.391517 0.689665
-0.0308248 0.229556 0.972807
0.0885986 0.0591814 0.994308
0.182933 0.417789 0.889937
0.237081 0.131502 0.962549
0.10675 0.0689895 0.99189
0.147403 -0.452546 0.879474
-0.786727 0.28744 0.546296
-0.0485508 0.557177 0.828973
-0.53556 0.355398 0.766073
-0.72011 0.179571 0.670221
-0.00205531 -0.175272 0.984518
0.195049 0.502612 0.842222
-0.0998955 0.109768 0.988925
0.11157 -0.824257 0.555115
-0.0635755 -0.184212 0.980828
0.00720811 -0.00719408 0.999948
-0.185714 0.354654 0.916368
-0.0241477 0.461315 0.886908
-0.0624539 -0.13736 0.98855
-0.0398402 0.00676131 0.999183
-0.777126 -0.10722 0.620145
-0.424022 -0.46388 0.777831
-0.286114 -0.112842 0.951528
0.0316599 0.0678497 0.997193
-0.00571321 -0.00327539 0.999978
-0.297745 -0.528511 0.795
-0.37959 -0.291532 0.878021
0.0930994 -0.828556 0.552112
0.327687 0.180952 0.927296
-0.29032 -0.281587 0.914562
-0.193332 0.306057 0.932176
0.249225 -0.114468 0.961657
0.17604 -0.0276346 0.983995
0.220427 -0.219768 0.950323
-0.297178 0.288836 0.910087
-0.828826 0.17489 0.531471
-0.847049 -0.0573104 0.528417
-0.230356 0.100438 0.967909
0.124138 -0.106858 0.986494
-0.00890555 -0.860787 0.508887
