-0.84476 0.105813 0.52458
-0.039162 0.29474 0.954775
0.168484 -0.580272 0.796805
0.234814 -0.00567504 0.972024
0.12121 -0.316344 0.940869
0.268479 0.820166 0.505219
-0.0461032 0.105651 0.993334
-0.743465 -0.427148 0.514591
-0.423431 0.275876 0.862901
-0.205631 0.0402903 0.9778
0.155005 -0.109257 0.981853
0.209511 0.327817 0.921217
-0.157935 -0.331662 0.930084
-0.157571 -0.237266 0.95858
0.0615597 -0.0544803 0.996615
-0.0289708 -0.810462 0.585074
0.174862 0.755483 0.631402
-0.224928 -0.124605 0.966375
0.381456 0.672573 0.634143
0.025792 0.273277 0.96159
-0.0679666 -0.740728 0.668358
-0.292439 0.58856 0.753709
-0.253513 -0.49148 0.833174
0.0151013 -0.0419652 0.999005
-0.0109388 -0.00170533 0.999939
-0.206612 -0.352461 0.912734
0.00262066 0.000862382 0.999996
0.229351 0.41815 0.878947
0.478748 -0.39696 0.783086
-0.692375 -0.413313 0.59143
0.0599595 -0.00728486 0.998174
-0.630283 -0.115219 0.767768
0.0178863 -0.302166 0.953087
-0.686038 -0.0183719 0.727333
-0.086161 -0.0443839 0.995292
0.41858 0.0765535 0.904948
-0.00999716 0.715872 0.69816
0.78021 -0.334902 0.528312
-0.270498 0.359606 0.893037
0.824235 0.0202043 0.565887
0.062207 -0.0336775 0.997495
0.53678 0.262734 0.801772
0.57756 0.471277 0.666575
0.0599047 0.20279 0.977388
-0.270565 -0.287504 0.918769
0.666397 -0.459021 0.58755
0.0397149 0.183406 0.982235
-0.737535 0.377403 0.560008
-0.345916 0.709228 0.614278
-0.143615 -0.759385 0.634594
-0.637867 -0.135391 0.758152
0.401951 -0.669842 0.624298
-0.573456 0.215754 0.790315
0.350427 -0.0710448 0.933892
-0.401283 0.269436 0.875429
-0.0204056 0.0285084 0.999385
-0.329123 0.416085 0.847674
0.0387341 0.435758 0.89923
-0.0300973 0.751933 0.658552
-0.21676 0.729369 0.648873
-0.719094 0.418707 0.554607
-0.756807 -0.185484 0.626769
-0.0493524 -0.0467788 0.997685
-0.490395 -0.534058 0.688691
0.19154 -0.0081165 0.981451
0.462479 0.607064 0.64621
0.251916 0.248912 0.935191
0.00205711 0.00877993 0.999959
0.260788 -0.181304 0.948218
0.0318602 -0.0287287 0.999079
0.0501692 0.49319 0.868474
-0.225027 0.290293 0.930104
0.171904 0.558093 0.811776
0.646444 -0.21553 0.731886
0.276814 -0.559037 0.78157
0.590199 -0.32179 0.740349
-0.480196 0.261941 0.837137
0.130464 0.282896 0.950236
-0.424644 0.0113232 0.905289
-0.348778 0.0594879 0.935315
-0.180998 0.124129 0.975619
-0.802174 0.279147 0.52782
0.308422 -0.0865459 0.947304
0.26369 0.379051 0.887011
-0.0451065 0.0595886 0.997203
-0.527032 0.369383 0.765372
0.0418004 0.804588 0.592361
0.0162997 0.0876098 0.996022
0.820749 0.253979 0.511729
-0.808036 0.306126 0.503353
0.482049 -0.215 0.849355
-0.0167567 0.130854 0.99126
-0.377054 0.203297 0.903604
0.456473 -0.668566 0.587071
0.489676 -0.35158 0.797878
0.809125 0.106604 0.577887
