0.674371 0.154773 0.721989
-0.0722155 0.0218575 0.99715
-0.255218 -0.124299 0.95886
-0.148605 -0.597878 0.787692
-0.307231 0.146846 0.940237
-0.0832302 0.650302 0.755102
-0.0501776 0.378046 0.924426
-0.0991019 0.83463 0.541822
-0.0584036 0.173506 0.983099
-0.108979 -0.19088 0.975545
-0.606498 0.397582 0.688541
0.522132 -0.619303 0.586381
-0.0858512 0.366437 0.926474
0.165781 -0.230634 0.958814
-0.144875 0.770152 0.621191
0.0407361 0.160695 0.986163
-0.74546 -0.167821 0.645078
-0.461947 -0.263234 0.846944
0.0406534 0.0645804 0.997084
0.0767226 0.274928 0.958399
-0.0471044 -0.274266 0.960499
0.419437 0.48713 0.766014
0.0471672 0.179827 0.982567
0.0809168 -0.278598 0.956993
0.198015 0.168464 0.965614
-0.0412688 -0.00694755 0.999124
-0.0611399 -0.706346 0.705221
0.113765 -0.0212094 0.993281
0.132175 -0.520466 0.843591
0.396962 0.0719216 0.915013
0.830509 0.232022 0.50638
0.11329 0.0532129 0.992136
-0.142303 -0.0355041 0.989186
-0.636039 -0.41036 0.653498
0.169067 -0.00672644 0.985582
0.0647433 -0.270956 0.960412
-0.553728 0.401729 0.729382
0.414913 0.390407 0.821845
0.0257434 0.0291334 0.999244
0.163542 -0.796144 0.582588
-0.0449334 0.8595 0.509157
0.0586156 0.0473582 0.997157
-0.00420751 -0.0140361 0.999893
-0.0956185 -0.401116 0.911023
0.390981 -0.429842 0.813861
-0.505258 0.682991 0.527482
-0.380134 0.119921 0.917124
0.357298 0.686155 0.633664
-0.370534 0.369299 0.852246
-0.231521 0.0628173 0.9708
0.0310014 -0.345269 0.937992
-0.190016 0.476065 0.858636
-0.567218 0.621966 0.539836
-0.0793855 -0.843865 0.530651
0.709962 0.453215 0.539027
-0.0974843 -0.00516937 0.995224
-0.164676 -0.143201 0.975897
-0.755666 0.161117 0.634831
0.031723 -0.572338 0.819404
-0.0552702 -0.168729 0.984112
-0.737263 0.418269 0.53056
-0.372981 -0.733274 0.568503
-0.244158 -0.508215 0.825896
0.105424 0.508222 0.854749
0.214572 0.54426 0.811012
-0.0911775 0.424397 0.900874
0.518569 -0.467026 0.716222
-0.320042 0.234374 0.917955
-0.10135 -0.167093 0.980718
-0.246455 -0.432188 0.867452
0.193495 0.208893 0.958605
-0.602503 0.046274 0.796774
0.32486 -0.802543 0.50039
0.142862 -0.0795458 0.986541
-0.218 -0.233187 0.947681
0.215226 -0.655278 0.724077
0.0345546 -0.444872 0.894927
-0.553988 -0.350252 0.755262
0.669221 -0.141999 0.729369
-0.435721 0.307924 0.845772
-0.00350381 0.591284 0.806456
0.411951 -0.716407 0.563079
0.0807042 0.181849 0.980009
-0.101959 -0.531943 0.840619
0.661745 0.420954 0.620395
-0.798526 0.0430748 0.600418
0.00595007 -0.000783816 0.999982
-0.309564 -0.786944 0.533749
-0.686066 -0.203998 0.698354
0.83808 0.0865163 0.538644
-0.062429 -0.160704 0.985026
-0.187585 0.433986 0.881174
0.609705 -0.528039 0.59113
0.133936 0.375757 0.916989
0.034136 -0.0355175 0.998786
0.203845 -0.306984 0.929628
