0.610527 0.534089 0.584813
0.300132 0.505756 0.808784
0.614627 -0.104868 0.781816
0.0113281 0.0779184 0.996895
0.261455 -0.388672 0.883502
0.492955 0.125043 0.861022
-0.745801 -0.00304335 0.666162
-0.241541 -0.732868 0.636053
-0.846024 -0.0695273 0.528592
0.546255 -0.238611 0.802913
0.100311 0.395644 0.912909
0.0530668 -0.160656 0.985583
-0.00307967 -0.114989 0.993362
0.625809 -0.175945 0.759873
-0.580716 0.257915 0.772172
0.239274 -0.542332 0.805372
-0.601036 -0.193882 0.775349
0.233975 -0.130506 0.963444
-0.159636 -0.795578 0.584442
0.598032 0.268309 0.755227
0.341762 0.184043 0.921589
0.0199588 -0.0162891 0.999668
-0.106328 -0.539075 0.83552
-0.100718 -0.321543 0.941523
-0.232474 -0.0841082 0.968959
-0.473293 0.081096 0.877164
0.166127 0.317589 0.933563
0.0559649 0.454166 0.889158
-0.0687351 -0.0597971 0.995841
0.0524426 0.135368 0.989406
0.181073 -0.136582 0.973939
-0.263154 -0.269532 0.926338
0.391755 0.423482 0.816818
-0.335185 0.0690285 0.93962
-0.109303 -0.770167 0.628407
0.0451204 -0.260776 0.964344
0.645949 -0.541529 0.538048
0.441169 0.458834 0.771259
0.269635 0.69154 0.670126
0.182926 -0.805269 0.563986
0.585074 0.538439 0.606442
0.190193 0.0576176 0.980055
-0.188043 -0.536253 0.822844
0.351005 -0.487662 0.799363
-0.664665 -0.268086 0.697388
0.152437 0.385408 0.910068
-0.297269 0.05101 0.95343
0.294914 0.0531093 0.954047
-0.476009 0.614027 0.629592
-0.556173 0.619604 0.553861
-0.821281 -0.0650198 0.566806
-0.0647707 -0.134795 0.988754
-0.157458 -0.343092 0.92601
0.251588 0.194799 0.948028
-0.378458 0.480286 0.791262
-0.0866934 -0.320641 0.943225
-0.0215961 -0.714401 0.699403
-0.236818 -0.60683 0.758732
-0.121121 -0.546226 0.828835
-0.485764 -0.165824 0.858216
0.0140636 0.00789735 0.99987
-0.576005 0.134756 0.806262
-0.151335 0.126333 0.980376
0.214043 0.367116 0.905213
0.666677 -0.264864 0.696699
-0.187115 0.20702 0.960276
-0.240397 0.609652 0.755336
0.396824 0.482158 0.78106
0.290036 0.0284511 0.956593
-0.524197 -0.371097 0.766488
0.503862 -0.703979 0.500537
-0.0412349 0.0865464 0.995394
-0.0502615 -0.192452 0.980018
0.309024 -0.108891 0.9448
0.0416831 -0.11332 0.992684
-0.665978 0.278994 0.691835
0.362115 -0.722547 0.588896
0.377061 -0.148285 0.914241
0.684341 -0.19764 0.701866
-0.647789 -0.468445 0.600773
-0.024717 0.00656725 0.999673
-0.0899147 0.834371 0.54382
0.101004 -0.663958 0.740917
-0.385129 -0.301415 0.872253
0.646647 0.342145 0.681751
0.0935799 0.029771 0.995167
0.523634 -0.0231021 0.85163
-0.367673 0.753883 0.544497
-0.487487 0.404512 0.773774
0.351585 0.552909 0.755434
-0.450428 -0.291438 0.843907
0.626702 0.104508 0.772219
-0.40239 -0.24005 0.883435
-0.13011 -0.306015 0.943094
-0.484846 -0.703056 0.520228
-0.590272 -0.056753 0.805207
