0.304274 0.00111831 0.952584
-0.496345 -0.185448 0.848086
0.54964 0.414913 0.725081
0.109336 0.0541223 0.99253
0.347576 -0.701921 0.621689
0.0145738 -0.00955182 0.999848
-0.339073 -0.752872 0.564104
0.0456737 0.671408 0.739679
0.707692 -0.13724 0.693064
0.0781105 -0.703539 0.706351
0.0810577 0.151533 0.985123
0.272034 -0.449279 0.850968
0.519042 -0.380648 0.765312
0.434205 0.0492941 0.899464
0.0204894 0.0944808 0.995316
0.0798112 -0.515489 0.853171
0.0844371 -0.159063 0.983651
-0.163754 -0.0814666 0.983132
0.239637 0.18943 0.952203
0.52327 0.246574 0.815714
0.0606833 0.000824838 0.998157
-0.335971 -0.758303 0.558659
0.692007 -0.224252 0.686175
0.260584 0.533503 0.804656
-0.0309502 0.0739017 0.996785
-0.740785 -0.172519 0.649211
-0.298283 0.076866 0.951377
0.157332 -0.788711 0.594291
0.718014 0.0916051 0.689974
-0.605133 -0.377637 0.70086
0.372486 0.366054 0.852795
0.166041 -0.341061 0.925261
-0.0551119 -0.197706 0.978711
0.681697 -0.0681517 0.728454
-0.697456 0.102032 0.709327
-0.400268 -0.374496 0.836384
-0.0223193 0.270417 0.962484
-0.162546 0.015675 0.986577
0.644111 -0.339785 0.685322
-0.555769 -0.501597 0.662964
-0.502356 0.072194 0.861642
0.145284 -0.555086 0.819006
-0.166455 0.0526765 0.984641
-0.302193 -0.58351 0.753788
0.0138772 -0.19301 0.981099
0.358251 -0.316349 0.878396
-0.66399 -0.135179 0.735421
0.000152827 0.000944974 1
0.224212 0.0531958 0.973087
0.383821 0.720201 0.57792
0.0497858 0.102352 0.993502
0.499179 -0.495487 0.710854
0.536375 0.0220391 0.843692
-0.00661006 0.000916002 0.999978
0.494767 -0.546148 0.675964
-0.201067 0.448321 0.870965
0.017875 -0.482524 0.8757
0.141832 -0.280791 0.949231
0.105043 0.581592 0.80667
0.115496 0.151731 0.981651
-0.370161 0.113576 0.921998
0.279473 0.107788 0.954084
0.177284 -0.0843077 0.980542
0.505628 -0.175952 0.844619
0.0630202 0.0622235 0.996071
-0.152315 -0.280792 0.947605
-0.0688797 -0.20776 0.975752
-0.669372 -0.469137 0.576066
-0.367759 0.325415 0.871125
-0.177501 -0.117053 0.977134
0.701472 -0.16386 0.693604
-0.398586 0.719891 0.568231
0.812905 -0.0773086 0.577243
0.604599 0.0910904 0.791304
-0.171969 -0.0710331 0.982538
-0.00797019 -0.213322 0.976949
0.11188 0.0115634 0.993654
0.305143 -0.435109 0.847094
-0.311043 -0.473671 0.823946
0.0155167 0.185743 0.982476
-0.68923 0.0849212 0.719549
-0.649329 0.0450399 0.759173
-0.052339 -0.752664 0.656321
-0.101699 0.292926 0.950711
-0.23792 0.356757 0.903393
0.080606 -0.154681 0.984671
0.365021 0.624076 0.690861
0.356199 -0.58583 0.72796
-0.142366 -0.635486 0.758874
-0.0536199 -0.843084 0.535102
0.00431546 -0.0167248 0.999851
0.143951 0.0998114 0.984538
-0.376768 0.287062 0.880705
0.103291 0.00876469 0.994613
0.0637084 0.0470314 0.99686
-0.147281 0.299858 0.942546
