0.0307358 -0.0493197 0.99831
0.0320527 0.20702 0.977812
-0.240029 -0.356309 0.903012
0.473803 -0.443611 0.760736
-0.411337 -0.0299616 0.910991
-0.0843483 -0.801415 0.592132
0.389713 -0.218623 0.894611
0.82048 0.233901 0.521635
-0.54507 0.277117 0.791268
-0.663478 -0.346888 0.662922
0.653365 0.421388 0.628925
0.0584971 -0.0237407 0.998005
0.0387046 -0.601067 0.798261
0.826139 -0.139058 0.546037
0.0270628 0.0516806 0.998297
-0.322748 -0.054374 0.944922
0.335565 0.702155 0.627993
0.633017 0.083074 0.769667
0.538897 -0.195424 0.81939
-0.20093 -0.55963 0.804016
-0.219299 0.516557 0.827694
0.458636 0.528439 0.714426
0.473789 -0.259761 0.841456
0.110941 0.204544 0.97255
0.228243 0.610159 0.758691
0.626104 -0.414953 0.660158
0.0248305 -0.48836 0.872289
0.176948 -0.0701631 0.981716
0.114499 0.0169175 0.993279
-0.0141963 0.618032 0.786025
0.0362388 -0.55651 0.830051
0.0719038 -0.760453 0.6454
0.267928 0.558653 0.784934
-0.250361 0.651218 0.716404
-0.489362 -0.704433 0.5141
0.255944 -0.584253 0.770157
-0.481684 -0.698107 0.529742
0.424108 0.0878101 0.901344
-0.247607 0.114396 0.962083
0.0270953 -0.122243 0.99213
-0.431322 -0.588035 0.684234
0.106205 -0.166022 0.980386
-0.621003 0.382206 0.684306
0.572916 0.227568 0.787388
-0.0940818 0.103249 0.990196
0.565728 -0.450648 0.690556
-0.12118 0.738395 0.663392
-0.588761 -0.433362 0.682318
-0.144615 0.256147 0.955759
0.115948 -0.418858 0.900619
-0.0144704 -0.027454 0.999518
-0.315133 0.524461 0.790969
0.605777 -0.125017 0.785751
-0.0022034 0.418938 0.908012
0.326241 -0.445586 0.833679
0.0134569 0.206205 0.978416
0.269205 0.217454 0.938212
0.702237 -0.314216 0.638852
0.0683863 -0.133625 0.98867
0.141694 -0.00466972 0.9899
0.315202 -0.464371 0.827652
0.637119 -0.314009 0.703902
0.0756999 0.194394 0.977998
-0.416514 0.393885 0.819372
-0.325845 0.0416342 0.944506
0.45315 0.358404 0.816211
0.471181 -0.387964 0.792131
-0.308853 -0.758797 0.573443
0.460105 0.370262 0.806976
0.441192 -0.111876 0.890412
-0.484067 -0.669386 0.563562
-0.246808 0.775058 0.581697
-0.0534775 0.423446 0.904342
-0.413038 0.561506 0.717015
0.00996188 -0.714659 0.699402
0.116762 -0.236146 0.964677
0.226676 -0.549019 0.804485
-0.215172 -0.774784 0.594484
0.409995 0.0199951 0.911868
0.077722 -0.287884 0.954506
0.315004 0.146945 0.937646
0.469537 -0.28484 0.835704
0.777165 -0.109754 0.619653
-0.0296163 0.832888 0.552649
0.313441 -0.605047 0.731896
0.199245 0.28421 0.937831
0.330056 0.768968 0.547495
0.425829 -0.0228138 0.904516
-0.0613772 -0.245069 0.967561
0.394199 -0.591913 0.703027
0.551619 0.213919 0.806198
0.106405 0.653707 0.74923
0.44635 -0.415649 0.792469
-0.393166 0.530652 0.750885
0.0169758 0.213611 0.976771
0.016523 -0.37682 0.926139
