-0.458433 -0.00854187 0.888688
-0.0602612 0.249256 0.966561
0.000654636 0.0528943 0.9986
0.429504 -0.522722 0.736402
-0.241628 0.0515574 0.968998
0.135568 0.0262639 0.99042
0.0269247 0.0428489 0.998719
-0.0841362 0.79558 0.599978
0.013492 -0.126471 0.991879
0.107134 0.303024 0.946942
0.0618321 0.118151 0.991069
0.26008 -0.381265 0.887128
0.00675659 0.0335336 0.999415
-0.805271 -0.081372 0.587296
0.00039358 0.00232667 0.999997
0.661251 0.306652 0.684625
0.0103074 0.245634 0.969308
-0.093553 -0.00858842 0.995577
0.170578 -0.288731 0.942092
-0.534225 0.54399 0.647054
-0.00489806 -0.858423 0.51292
-0.328069 0.560427 0.760456
-0.0430942 0.0518119 0.997727
-0.0628498 -0.0888262 0.994062
0.188311 -0.799812 0.569947
0.457808 -0.195776 0.867227
-0.697724 0.21801 0.682388
0.229008 -0.00161494 0.973423
0.354177 -0.243104 0.903028
-0.0857421 0.365694 0.926777
0.435189 0.0496244 0.898971
-0.75821 0.135481 0.637779
-0.207667 0.0954557 0.973531
0.389818 -0.202723 0.898301
-0.742387 0.378381 0.552892
-0.200595 0.258343 0.944998
0.301032 -0.142481 0.94291
-0.312547 0.09502 0.945138
-0.506555 0.052766 0.860591
0.134538 0.279198 0.950762
-0.42004 -0.670856 0.611162
-0.361143 -0.226301 0.904634
0.601709 0.622044 0.501006
-0.393341 -0.107072 0.913137
-0.0338795 0.511267 0.858754
0.816234 0.0628115 0.574297
0.0985499 -0.247309 0.963912
-0.238561 -0.265495 0.934131
0.129625 -0.741395 0.658431
0.00529813 0.153274 0.98817
-0.782128 0.119808 0.611492
-0.515135 -0.534971 0.669659
0.100479 0.0828904 0.99148
0.55831 0.536217 0.633058
-0.00158259 -0.0119222 0.999928
0.0031439 0.019737 0.9998
-0.588226 0.193859 0.785117
-0.144246 -0.533684 0.833292
0.130522 0.0608668 0.989575
0.0694181 0.0574983 0.995929
0.0497785 0.0136928 0.998666
-0.120371 -0.0711164 0.990178
0.847377 0.0842045 0.524272
-0.0791415 0.00145071 0.996862
-0.269577 -0.0380175 0.962228
0.203471 0.00176486 0.979079
0.240744 -0.264334 0.9339
-0.420317 0.17775 0.889797
-0.0808979 0.164832 0.982999
-0.235763 -0.19946 0.951121
0.445979 -0.664347 0.599788
-0.544769 -0.289491 0.787033
-0.00156398 -0.406884 0.913479
-0.105585 0.16035 0.981397
-0.0647833 0.0259941 0.997561
-0.738422 0.133432 0.661006
0.745481 0.376592 0.549943
0.0609423 0.760218 0.646803
-0.0178343 0.0045797 0.99983
0.252555 0.672298 0.695868
0.170554 0.810543 0.560295
0.080013 -0.125691 0.988838
-0.491059 0.454182 0.743357
0.0550695 0.188856 0.980459
-0.217281 0.0210701 0.975882
-0.249796 -0.217836 0.943477
-0.0733759 0.21856 0.973061
0.453389 -0.147924 0.878952
0.373656 -0.680528 0.630288
-0.180465 0.510537 0.840705
-0.101453 0.143367 0.984456
0.503694 -0.585785 0.63494
-0.172072 -0.372553 0.911919
0.247495 -0.155714 0.956295
0.777675 -0.367727 0.509901
0.493203 0.64682 0.5817
