0.0711995 0.726378 0.683598
-0.400152 0.564276 0.722129
-0.460287 0.0481118 0.886466
0.387124 0.400456 0.830524
-0.0450005 0.0137096 0.998893
0.253955 -0.097822 0.962256
0.703423 -0.195917 0.683237
-0.0130389 -0.22121 0.975139
0.649918 0.571182 0.501356
0.00195922 0.0556459 0.998449
0.0876458 0.486543 0.869249
0.33812 -0.0947893 0.936317
0.313888 -0.386183 0.867374
0.281727 0.725853 0.627509
0.0783786 -0.0602795 0.9951
-0.378355 -0.110516 0.91904
-0.201785 -0.00839795 0.979394
0.11006 0.178506 0.977764
0.140333 0.0740004 0.987335
-0.0487641 0.181811 0.982124
-0.117881 0.217548 0.968905
-0.425076 -0.30105 0.853627
-0.0496113 0.0419844 0.997886
-0.413833 -0.475836 0.776094
0.682003 -0.189652 0.706331
0.126402 -0.184078 0.97475
-0.0657901 -0.0131693 0.997747
-0.294776 -0.108617 0.949373
0.593249 0.509403 0.623349
0.395302 0.12145 0.910487
-0.360192 -0.547111 0.7556
-0.13176 -0.0019489 0.99128
-0.0789027 0.215708 0.973265
-0.717518 -0.213796 0.662917
0.291003 -0.203112 0.934913
0.613085 -0.00228572 0.790014
-0.400111 0.423588 0.812702
0.0875914 -0.010474 0.996101
-0.22804 0.113932 0.966963
0.482642 -0.183462 0.856387
-0.484211 0.0674028 0.872351
-0.0317379 0.860929 0.507734
0.00672161 0.161552 0.986841
-0.0385309 0.461747 0.886174
0.499286 0.0515965 0.864899
-0.135833 0.536756 0.832732
-0.0191012 -0.189287 0.981736
-0.10134 -0.306112 0.946586
0.591493 -0.600325 0.53828
0.119961 0.535526 0.835956
0.780729 0.0468383 0.623112
-0.824926 0.190144 0.532299
-0.152758 -0.24066 0.958513
0.215079 -0.249605 0.94416
-0.0172486 -0.0188669 0.999673
0.263886 0.221089 0.938874
-0.410768 0.215776 0.885839
0.65244 -0.427436 0.625796
-0.396367 0.160939 0.903876
0.318627 -0.276521 0.906649
-0.105437 0.753853 0.648528
0.162649 -0.213077 0.963402
-0.0153545 0.0817983 0.996531
0.579502 0.0851472 0.810511
0.0949423 -0.646584 0.756911
0.161883 0.194761 0.9674
-0.10185 0.0438822 0.993831
0.458479 0.383928 0.801496
-0.419943 -0.226466 0.878841
-0.0486688 -0.13086 0.990206
0.347459 0.00505377 0.937681
-0.257722 -0.0526662 0.964783
0.0442515 0.0113833 0.998956
-0.33996 0.342742 0.875759
0.330929 -0.140458 0.933144
-0.17518 0.547748 0.818098
0.147753 -0.836262 0.528049
-0.579364 -0.0693949 0.812109
0.533865 -0.599561 0.596251
0.511492 -0.586115 0.628366
0.644566 0.244711 0.724328
-0.528025 -0.27751 0.802607
-0.254238 -0.185737 0.949139
-0.135514 0.537727 0.832157
-0.167928 0.240756 0.955948
-0.61745 0.603893 0.504052
-0.0692101 0.436526 0.897026
0.424488 -0.753591 0.501908
-0.280059 0.250992 0.926591
0.414599 0.529431 0.740142
0.514856 -0.285325 0.808402
0.241263 -0.827891 0.506349
-0.719261 0.361142 0.593499
0.37213 0.315318 0.87298
-0.494512 -0.487596 0.719519
0.0791243 0.0410133 0.996021
