-0.431689 0.407168 0.804897
-0.642496 0.460007 0.612856
0.317914 -0.499669 0.805768
-0.0722176 0.268867 0.960466
-0.787453 -0.0502744 0.61432
0.459015 0.353116 0.815239
-0.452233 -0.69949 0.553352
0.0169811 -0.00258626 0.999852
-0.821643 -0.0302444 0.5692
0.00834857 0.0362279 0.999309
0.28061 -0.0633459 0.957729
-0.115695 0.247623 0.961924
-0.558186 0.638039 0.530411
0.448018 0.52565 0.723168
0.703432 -0.433471 0.563281
-0.0913577 0.773119 0.627647
0.649117 -0.217328 0.728983
-0.605397 -0.503227 0.61665
0.589011 0.483902 0.647229
0.323801 0.769985 0.549796
0.104859 -0.480996 0.870429
0.347174 -0.726072 0.59354
-0.696544 -0.358997 0.621247
-0.496342 0.104351 0.861833
0.513012 0.534518 0.671647
0.454311 -0.635768 0.62402
0.545958 0.5595 0.62361
0.303736 -0.14928 0.940989
0.311527 -0.511549 0.800792
0.327528 0.175489 0.928401
-0.678284 -0.416979 0.605028
-0.303778 0.665425 0.681856
0.0409883 -0.0255751 0.998832
-0.187196 -0.80352 0.565078
-0.403581 0.113321 0.907899
-0.0321172 0.0486112 0.998301
0.268573 -0.300001 0.915351
-0.250265 -0.381863 0.88969
0.122984 0.762679 0.634977
-0.0711505 -0.0177085 0.997308
0.283561 0.498794 0.819022
0.331456 -0.319246 0.887817
-0.556792 -0.369048 0.744168
0.001296 0.00138471 0.999998
0.101483 0.45735 0.883477
0.402849 0.0638685 0.913035
-0.0616595 -0.207415 0.976308
0.575693 -0.492123 0.652987
-0.0680116 -0.296986 0.952457
-0.428189 -0.290285 0.855797
0.0658566 -0.0460303 0.996767
-0.145864 0.338 0.929774
-0.538814 0.564461 0.62535
-0.348892 -0.527315 0.774735
0.0325989 -0.0398976 0.998672
-0.286824 0.483392 0.827082
-0.144356 -0.533825 0.833182
-0.589193 0.194981 0.784113
0.00447857 -0.0416104 0.999124
-0.400056 -0.61256 0.681708
-0.686741 -0.476848 0.548637
0.162089 -0.559052 0.813134
-0.0283145 -0.0285811 0.99919
0.670556 -0.129153 0.73053
0.630844 0.0258188 0.77548
-0.737967 -0.310365 0.599231
0.0250202 0.358664 0.933132
0.500292 0.481306 0.719759
0.327891 -0.142896 0.933846
0.190277 0.0770881 0.978699
-0.193186 -0.597007 0.778628
0.759176 0.41336 0.502778
-0.128515 0.589903 0.797182
-0.689365 -0.355048 0.63144
0.429925 0.213445 0.877272
0.233904 0.451077 0.861289
0.69318 0.279164 0.664507
0.117486 0.555442 0.823214
-0.0378441 0.623451 0.780946
0.406063 -0.575238 0.710081
0.0165343 0.291571 0.956406
0.0765916 -0.000660316 0.997062
-0.404342 -0.336035 0.85064
-0.254568 0.0918663 0.962681
-0.0270832 -0.00761342 0.999604
-0.439604 -0.329668 0.835504
-0.196666 -0.0730543 0.977745
-0.488391 -0.617555 0.616522
-0.0915626 0.642815 0.760529
-0.237648 0.0476058 0.970184
-0.593885 -0.0628804 0.802089
-0.57923 -0.305836 0.755617
-0.454532 -0.070991 0.887897
0.753372 0.254353 0.606412
-0.0351426 0.291954 0.955787
-0.514564 -0.287717 0.807739
