-0.467612 -0.670968 0.575449
-0.321056 0.0568002 0.945355
0.124341 -0.329672 0.935872
-0.570945 0.138413 0.809237
-0.617189 0.570736 0.541607
-0.562909 0.192166 0.803869
0.0406108 -0.00526074 0.999161
-0.459475 0.047516 0.886919
0.186857 0.335883 0.923183
0.186635 -0.095699 0.977757
-0.107563 -0.213639 0.970973
0.0780318 -0.576535 0.813338
-0.504819 -0.358904 0.785077
0.388391 -0.716159 0.579887
0.440637 -0.31334 0.841223
0.0841598 0.734599 0.673262
-0.286349 0.678111 0.676882
-0.314467 0.687212 0.654867
-0.356612 0.480603 0.801154
0.0676817 -0.816025 0.57404
0.232524 0.269848 0.934406
0.0823061 -0.851068 0.518564
0.729455 -0.144962 0.668492
-0.419837 0.161063 0.893194
-0.164347 -0.575985 0.800769
0.0714916 -0.360746 0.92992
-0.45934 -0.284852 0.841348
0.69031 -0.262517 0.674209
-0.145973 0.814773 0.561104
-0.13497 0.849597 0.509871
-0.0507394 0.0251725 0.998395
-0.145013 -0.305379 0.941124
0.551012 0.237887 0.799872
-0.398761 -0.334416 0.853906
0.521725 -0.0381506 0.85226
0.0585627 -0.832328 0.551181
-0.520384 0.572395 0.633691
0.146887 0.837724 0.525969
0.489973 -0.0213777 0.871476
0.742059 -0.389573 0.54551
0.750553 -0.233024 0.618361
-0.0687788 -0.698936 0.71187
0.685656 0.161239 0.709843
-0.146522 0.592579 0.792074
-0.489524 0.172891 0.854678
-0.347375 0.593684 0.725858
-0.113183 -0.30208 0.94654
0.150851 -0.0691375 0.986136
-0.644453 0.218617 0.732726
0.699902 0.317825 0.639628
-0.563222 0.512145 0.648451
-0.516455 0.0438902 0.855189
-0.00284961 0.595527 0.80333
-0.610343 0.525113 0.593075
0.542644 0.287415 0.789259
0.0653281 -0.229838 0.971034
0.317191 -0.122772 0.940381
-0.345913 0.669371 0.657486
-0.357552 0.231207 0.90482
0.232237 -0.672822 0.702408
-0.565737 0.498572 0.656786
-0.289746 0.0500224 0.955796
-0.691834 0.176454 0.700164
-0.0394264 -0.00556641 0.999207
-0.00375416 0.000959944 0.999992
0.362844 0.72135 0.589914
-0.138347 -0.157657 0.977755
0.529575 0.516011 0.673263
-0.521998 -0.392484 0.757281
-0.0330156 -0.0947084 0.994957
-0.33731 0.160037 0.927691
-0.30495 -0.707872 0.637121
0.579131 -0.59587 0.556369
-0.722285 0.148054 0.675562
-0.409121 0.334178 0.849085
0.273443 0.247738 0.929438
-0.119098 -0.00704062 0.992858
-0.448813 0.114126 0.886308
0.0668807 0.182506 0.980927
-0.482775 -0.16234 0.860566
0.312532 -0.370561 0.874648
0.234973 0.117167 0.964914
0.597085 -0.0558046 0.800235
-0.784696 0.303168 0.540685
-0.288584 -0.111524 0.950937
-0.217771 0.270101 0.937881
0.479487 -0.537963 0.693317
-0.0980368 0.62984 0.770513
-0.160997 0.539257 0.826609
0.00859861 -0.00660797 0.999941
0.0257524 0.315039 0.948729
-0.0854783 -0.37641 0.922502
-0.0509022 -0.0111993 0.998641
0.393027 0.57623 0.716581
-0.122335 -0.59049 0.797719
0.506313 -0.551053 0.663316
