-0.156723 0.133094 0.978634
-0.547708 -0.0727417 0.833501
-0.0940195 0.241693 0.965787
-0.437993 0.387228 0.811305
0.764241 -0.252924 0.593266
0.825575 0.222171 0.518715
-0.565351 -0.432412 0.702423
-0.614354 -0.107148 0.781721
0.249999 0.0328091 0.96769
0.734916 -0.455343 0.502554
-0.314391 -0.191498 0.929778
-0.387429 0.107193 0.915647
-0.11502 -0.168509 0.978966
-0.375559 -0.5725 0.728834
0.304387 -0.460376 0.833908
-0.524783 0.202826 0.826719
-0.0873191 -0.126469 0.98812
-0.253369 0.447849 0.857459
0.0761537 0.210923 0.974532
-0.0205335 0.00427178 0.99978
0.538196 -0.667793 0.514196
-0.340425 -0.46621 0.816554
-0.412152 0.669051 0.618467
-0.396439 0.0648494 0.915768
0.224885 -0.543154 0.808957
0.500396 -0.603229 0.621063
0.253621 0.419508 0.871602
-0.605992 -0.0412814 0.794399
-0.126612 -0.0150603 0.991838
0.050499 0.0216965 0.998488
-0.0372309 0.0208622 0.999089
-0.735201 -0.134626 0.664346
-0.00716308 0.0396835 0.999187
0.167603 -0.191143 0.967147
0.0386207 0.74206 0.66922
0.19087 0.0510132 0.980289
-0.190174 -0.158307 0.968903
0.733996 0.27553 0.620752
0.0834915 0.239818 0.967221
-0.294214 0.0891146 0.951576
0.840913 -0.17735 0.511285
-0.0637773 0.0870782 0.994158
0.108057 0.246161 0.963187
-0.27052 0.337366 0.901667
-0.14788 -0.424622 0.893212
-0.279495 0.19878 0.939345
-0.35901 -0.222792 0.906353
-0.442787 -0.381504 0.811415
-0.00498399 -0.0148684 0.999877
-0.204213 0.791929 0.575453
0.457468 0.210282 0.864005
-0.207231 -0.0876391 0.974359
0.0744033 0.230509 0.970222
0.115439 0.0205555 0.993102
-0.132186 0.644417 0.753162
-0.353137 -0.238917 0.904551
-0.858664 0.0419752 0.510817
0.265444 0.58332 0.767644
0.384984 -0.665058 0.639911
-0.117031 0.275036 0.954285
0.5823 -0.580797 0.568859
-0.197883 0.674946 0.710837
0.0390647 0.015234 0.999121
0.407251 -0.307986 0.859821
-0.166832 -0.265114 0.949674
0.577567 0.134398 0.805204
0.489937 -0.702009 0.516861
-0.186759 -0.119559 0.975103
0.368178 -0.278684 0.887006
-0.0709407 -0.193208 0.97859
-0.109755 0.043911 0.992988
0.539036 -0.492182 0.683518
0.540055 -0.651128 0.533266
0.599278 0.337101 0.726105
-0.429036 0.463576 0.775258
-0.0773961 -0.458424 0.885357
-0.0158471 0.0142037 0.999774
-0.00830224 0.118959 0.992865
-0.0658465 0.278095 0.958294
-0.0208903 0.0437296 0.998825
0.0545065 -0.368086 0.928193
0.141459 -0.152791 0.978082
-0.14043 0.0563302 0.988487
-0.543835 0.462944 0.699947
0.289974 0.211908 0.933279
0.171232 -0.387137 0.905983
-0.219828 -0.530581 0.818633
0.334545 -0.00364711 0.942373
0.61401 -0.501113 0.609818
-0.157322 0.392057 0.906389
-0.602925 -0.603728 0.521531
0.0197292 -0.00964227 0.999759
-0.0865977 -0.190814 0.977799
0.0859586 0.0323995 0.995772
-0.206733 0.225543 0.952046
0.0580142 0.307692 0.949716
