-0.0915928 0.0654886 0.993641
0.0760985 -0.386282 0.919236
0.104127 -0.0791137 0.991412
0.386895 0.0505402 0.920738
0.701591 -0.474289 0.531808
0.604142 -0.489696 0.628658
0.0332811 0.0231264 0.999178
-0.299228 0.0462554 0.95306
0.0149073 0.1898 0.98171
0.407267 0.663352 0.627772
-0.152292 -0.203442 0.96717
-0.00552458 0.256353 0.966568
0.548044 0.0686305 0.833629
0.505828 0.474796 0.720213
0.529814 0.362392 0.766792
-0.107022 -0.0843943 0.990668
-0.185969 -0.562026 0.805942
-0.49031 -0.21478 0.844669
0.117103 -0.412755 0.903283
-0.631466 0.0245712 0.775014
-0.343087 0.57948 0.739253
0.766496 0.271851 0.581877
0.503273 -0.51012 0.69749
0.458165 -0.0210875 0.888617
0.332094 0.323718 0.885957
0.0592522 0.05239 0.996867
0.496821 -0.276283 0.822701
0.322358 -0.223934 0.919749
-0.456826 0.568488 0.684201
-0.212053 -0.00930174 0.977214
0.0489412 0.450853 0.891255
-0.314414 0.565358 0.762571
-0.0024279 -0.297128 0.954835
-0.145069 -0.371995 0.916829
-0.718 0.200466 0.66655
-0.0339787 -0.243103 0.969405
0.0237668 -0.460892 0.887138
-0.47029 -0.226373 0.852985
-0.0245089 -0.563531 0.825731
0.495982 -0.0734227 0.865223
0.020571 0.121405 0.99239
0.349254 -0.629691 0.69391
-0.267613 0.0343272 0.962915
-0.104689 0.311368 0.944505
-0.213824 -0.706781 0.674344
-0.389313 -0.206151 0.89774
0.00972828 0.508703 0.860887
-0.341211 0.336132 0.877833
0.466288 0.539326 0.701215
0.0982887 -0.018528 0.994985
0.76842 -0.233418 0.595859
0.708829 -0.0644237 0.702432
0.262505 -0.0681325 0.962522
0.0226897 -0.0991578 0.994813
0.42256 0.468866 0.775634
0.0359387 0.136589 0.989976
0.543262 0.223548 0.809254
0.531079 -0.331451 0.779805
0.730775 -0.0490495 0.680854
-0.61041 -0.20314 0.765593
0.0253908 -0.285812 0.957949
0.178221 -0.282527 0.942558
-0.255699 0.150867 0.954912
-0.142156 -0.818702 0.556345
-0.0264588 0.82311 0.567266
0.320123 -0.668739 0.671051
0.118023 -0.779729 0.614893
0.127571 -0.35475 0.926217
-0.490072 0.0959083 0.86639
-0.00689723 -0.0236213 0.999697
-0.172419 -0.156844 0.972456
0.476337 -0.321438 0.818402
-0.00169959 0.350665 0.9365
-0.0881253 0.0372378 0.995413
-0.14046 -0.209145 0.967744
-0.0594173 -0.330914 0.941788
-0.0680792 -0.0031784 0.997675
-0.292279 0.309536 0.904854
0.329563 0.0896103 0.939872
0.37856 0.265682 0.886626
-0.556412 0.521262 0.647064
-0.217484 0.0971127 0.971221
-0.339094 0.275563 0.899489
0.0172725 -0.00232632 0.999848
-0.511204 0.428156 0.74522
-0.176048 0.0496931 0.983127
-0.157768 0.343256 0.925897
-0.381996 0.412872 0.826811
-0.077367 -0.267822 0.960357
0.504116 -0.597932 0.623173
0.0255579 0.219193 0.975347
-0.0318167 0.0315609 0.998995
0.0290397 -0.750891 0.659788
0.223871 -0.789775 0.571085
-0.000494483 -0.0112066 0.999937
0.256136 0.257406 0.931738
