0.220833 0.295626 0.929429
-0.185175 0.0557701 0.981122
0.407844 -0.756072 0.511877
-0.696317 -0.460531 0.550503
-0.331765 0.146941 0.931848
-0.33404 -0.364339 0.869295
-0.300665 0.103022 0.948149
-0.260461 0.169218 0.950539
0.00793739 0.117054 0.993094
0.00768185 0.0284309 0.999566
0.0729962 0.431176 0.89931
0.0670585 0.659186 0.748984
-0.091182 -0.474628 0.875451
-0.104788 0.0694379 0.992068
0.508807 -0.555418 0.657743
-0.0359963 0.0107899 0.999294
-0.0535554 0.00743516 0.998537
-0.404398 -0.442334 0.800502
0.0627231 -0.0783885 0.994948
-0.108012 -0.418956 0.901559
-0.383821 0.160797 0.909299
-0.048301 -0.803392 0.593489
0.827901 0.244895 0.504585
0.520889 0.436344 0.733674
0.0773738 0.446098 0.891633
0.364312 -0.145915 0.919775
-0.831045 -0.134989 0.539576
0.0258397 -0.110086 0.993586
0.361027 -0.100193 0.927157
0.129497 -0.711226 0.690932
0.135115 -0.820077 0.556074
-0.123136 -0.805298 0.579942
-0.098841 0.0711399 0.992557
0.737038 -0.342541 0.582615
0.574925 -0.525629 0.627037
0.633302 0.340576 0.694936
0.237386 0.603608 0.761121
0.232582 0.128093 0.964105
0.605657 -0.598106 0.524832
-0.691111 -0.313107 0.651406
0.0675276 -0.0211457 0.997493
0.23019 0.638283 0.73458
0.536132 -0.41985 0.732317
-0.0983712 -0.27277 0.957037
0.427366 -0.5808 0.692842
0.355111 0.00517821 0.93481
0.757209 -0.202391 0.621026
0.463179 -0.214749 0.859853
-0.260297 0.539747 0.800574
-0.416856 -0.160555 0.894681
-0.436437 -0.667532 0.603261
-0.62863 0.270965 0.728973
-0.502845 0.129198 0.854667
-0.171183 -0.722248 0.670115
0.289385 -0.603864 0.742701
0.207784 0.662543 0.719627
-0.128447 0.288901 0.948703
0.136924 0.220532 0.965721
-0.233703 -0.0438561 0.971318
0.166644 -0.0480067 0.984848
0.391919 -0.649463 0.651611
0.455149 0.118676 0.882471
-0.0912868 0.784516 0.613353
-0.127598 -0.240063 0.962335
0.0226249 -0.0347076 0.999141
-0.0216113 0.221292 0.974968
0.0517079 0.0802359 0.995434
0.0180277 -0.109773 0.993793
0.609011 -0.49469 0.61999
0.0250329 -0.160787 0.986672
-0.250421 -0.691357 0.677728
0.0949747 0.034 0.994899
0.583777 0.259348 0.769379
-0.0130824 0.0644745 0.997834
0.23017 -0.138193 0.963288
0.0322142 -0.0295463 0.999044
-0.827422 0.0889532 0.554491
0.396591 -0.0701686 0.91531
-0.389067 -0.0561998 0.919494
-0.200146 -0.0237493 0.979478
0.0944143 0.0795 0.992354
0.00130143 -0.000791448 0.999999
0.566192 -0.0241271 0.82392
-0.662066 0.224841 0.714924
0.18334 -0.257022 0.948855
0.659994 0.311689 0.683563
-0.0706436 -0.0719468 0.994904
-0.186547 -0.108508 0.976435
0.0824358 -0.059984 0.99479
-0.325762 0.555632 0.764952
-0.674746 0.374552 0.635948
0.498462 0.117752 0.858877
-0.260856 0.693893 0.671168
0.230792 -0.0479719 0.97182
0.0700639 0.11678 0.990683
0.321723 -0.251166 0.912913
