-0.0301715 -0.353434 0.934973
-0.714706 -0.0336559 0.698615
-0.394036 -0.100319 0.913604
-0.272171 -0.320571 0.90728
0.214786 0.352406 0.910866
0.409097 -0.43473 0.802278
-0.699442 -0.454885 0.551236
0.33568 0.583619 0.739397
-0.595225 0.618309 0.513227
0.0778436 -0.211048 0.974371
-0.300468 0.0220701 0.953536
-0.00945119 -0.0752272 0.997122
-0.0131079 -0.218494 0.97575
0.0917502 0.12535 0.987861
0.0387136 -0.0357397 0.998611
0.193338 -0.27415 0.942052
0.259855 0.124359 0.957606
-0.298265 -0.339133 0.892204
0.259304 -0.754615 0.602758
-0.0217656 -0.428824 0.903126
-0.265767 0.113321 0.957354
0.823354 -0.123604 0.553905
0.25713 -0.55464 0.791365
-0.122254 0.280488 0.95204
-0.339545 -0.602003 0.722704
-0.0940676 -0.262778 0.96026
0.0549535 -0.656683 0.752162
-0.0534046 0.00340012 0.998567
-0.106255 -0.058133 0.992638
0.121103 -0.0428413 0.991715
0.45235 0.34549 0.822202
0.0299923 -0.756459 0.653353
-0.157833 -0.800588 0.578055
-0.17592 -0.189376 0.966017
0.208401 0.631196 0.747102
0.12175 -0.158788 0.979777
-0.12524 -0.130253 0.983539
-0.234166 -0.197802 0.951862
0.0724882 -0.200781 0.976951
-0.491597 -0.318058 0.810661
-0.661409 0.00845381 0.749978
-0.0923983 0.64756 0.756392
-0.0539486 0.0433946 0.9976
0.0228494 0.0145929 0.999632
0.00079711 -0.00401233 0.999992
0.401394 -0.368082 0.838689
-0.319096 0.332532 0.887469
0.24356 -0.637849 0.730635
-0.0517163 0.201117 0.978201
0.690409 0.134754 0.710758
0.714006 -0.0236524 0.69974
0.590993 -0.540767 0.598581
0.142418 -0.687492 0.71209
0.114816 0.0439142 0.992416
-0.50373 0.517509 0.691694
-0.252893 0.18438 0.949763
0.621143 -0.40527 0.670774
0.121074 -0.693651 0.710063
0.0251129 -0.0472992 0.998565
-0.260908 0.404371 0.876591
0.215168 0.715156 0.665023
0.675075 -0.0696164 0.734457
0.0140488 0.149164 0.988713
-0.171353 -0.451064 0.875888
-0.310431 -0.703501 0.639312
0.201033 0.108944 0.973507
0.439699 -0.327776 0.836198
-0.062725 -0.246678 0.967065
0.180816 -0.123755 0.9757
0.248368 -0.225362 0.942086
-0.372232 0.0329876 0.927553
-0.687907 -0.0334621 0.725027
-0.407565 -0.717721 0.564594
-0.249048 -0.667334 0.701884
0.152067 0.0639506 0.986299
0.678976 0.46592 0.567371
-0.539662 0.574978 0.614952
-0.150818 -0.0665001 0.986322
-0.0425664 -0.207901 0.977223
0.215812 0.203422 0.95501
0.102883 0.181546 0.977986
0.307578 0.769229 0.560073
0.247133 -0.0139193 0.968882
0.0430554 0.0140074 0.998974
0.519997 0.5477 0.65546
-0.372224 -0.0365959 0.927421
0.0843258 0.216958 0.972532
0.05353 0.451292 0.890769
0.653416 -0.233129 0.720207
-0.0120006 0.0367764 0.999251
0.0908633 0.776972 0.622943
-0.0156186 0.0910105 0.995727
0.499714 -0.323017 0.803707
-0.678589 -0.44608 0.583549
0.158042 -0.380224 0.911292
-0.239646 -0.0156124 0.970735
