0.439174 0.744971 0.502141
0.236312 -0.761985 0.602938
0.548184 0.591594 0.591195
0.714596 0.379174 0.58786
0.134478 -0.165642 0.976974
0.341241 -0.0713737 0.937262
-0.33518 0.00764963 0.942123
0.668356 -0.393987 0.630931
0.0151496 -0.515196 0.856938
0.0972355 0.542298 0.834541
0.272793 -0.655271 0.704418
0.178923 -0.76972 0.612795
0.730794 0.134727 0.66917
0.604793 0.292881 0.740572
0.227404 -0.0619962 0.971825
-0.340203 -0.727423 0.595918
0.685518 0.512712 0.516906
-0.0716286 -0.0620763 0.995498
0.134253 0.094746 0.986407
-0.0344094 0.0563543 0.997818
0.00102672 -0.00411073 0.999991
0.496332 -0.071527 0.865181
-0.779577 -0.323029 0.536574
-0.336274 0.294504 0.894532
0.105503 -0.434676 0.894386
-0.140225 0.289925 0.946721
0.0116334 -0.120372 0.992661
-0.0327557 -0.0139236 0.999366
0.667851 0.168702 0.724924
-0.0273727 -0.24522 0.969081
-0.218296 -0.123333 0.968058
0.0812135 0.835699 0.54315
0.1932 -0.388331 0.90104
0.23099 -0.451845 0.861673
0.754992 0.254503 0.604331
0.0550724 -0.590097 0.805452
-0.856144 -0.060197 0.513218
-0.383177 -0.232508 0.893933
-0.158835 0.153312 0.975329
-0.683536 -0.515043 0.517213
-0.0180477 -0.71192 0.702029
0.426478 0.00130168 0.904497
-0.444676 -0.39639 0.803205
-0.201732 0.476361 0.855794
0.172645 -0.491837 0.853399
0.756011 -0.227398 0.613789
-0.248867 -0.349791 0.903168
0.0206767 0.515122 0.856867
-0.534048 0.0545636 0.843692
0.219272 -0.225046 0.949355
-0.0148005 0.480459 0.876892
-0.614388 0.52329 0.590504
0.0893504 0.398169 0.91295
0.564864 0.294773 0.770738
-0.0316681 0.186158 0.982009
-0.125426 0.752854 0.646127
0.218412 -0.653323 0.724889
-0.290826 0.378184 0.878861
-0.479027 -0.0479836 0.876488
0.335924 -0.241073 0.910515
-0.0411206 -0.257548 0.96539
0.237628 0.51797 0.82173
-0.317499 0.127356 0.939667
-0.13326 0.494232 0.859056
0.378603 0.0703202 0.922884
-0.448252 -0.176148 0.87638
0.45101 -0.0829424 0.888656
-0.25115 0.494986 0.831813
0.371263 0.209474 0.904591
0.299697 -0.282717 0.911182
-0.0920543 -0.0657201 0.993583
-0.0744581 0.234736 0.969203
-0.246022 0.143706 0.958552
0.128826 0.0529581 0.990252
-0.0712691 -0.49659 0.865055
0.736728 0.430261 0.521639
-0.243007 -0.436986 0.86602
-0.413652 -0.42961 0.8027
-0.543475 0.21389 0.811718
-0.278175 0.616487 0.736589
-0.10146 0.0248011 0.99453
0.695168 -0.264325 0.668486
-0.123917 -0.282408 0.951257
0.127776 0.134022 0.982706
-0.55158 0.304218 0.776667
0.596848 -0.225503 0.770014
0.291516 0.760566 0.580135
-0.0783076 -0.140886 0.986924
-0.608122 0.443966 0.658089
0.336914 0.162878 0.92734
0.108557 -0.0532861 0.992661
-0.118099 -0.748056 0.653043
-0.481421 0.709877 0.51411
-0.715906 -0.0593511 0.69567
0.0221121 -0.0868717 0.995974
-0.765771 -0.15083 0.625176
