-0.134292 -0.359342 0.923493
-0.144547 0.0491224 0.988278
0.184042 0.174522 0.967301
0.670159 0.0703115 0.738879
0.508309 -0.338411 0.791897
-0.0897462 -0.141281 0.985893
0.202263 -0.762048 0.61512
0.337949 -0.590598 0.732792
0.654626 0.244694 0.715254
-0.717596 0.325522 0.615704
0.221203 -0.0677968 0.972868
0.0515925 -0.079665 0.995486
0.243613 -0.652653 0.717424
-0.770428 -0.137423 0.62254
0.743498 0.390968 0.542544
0.232668 -0.155908 0.959978
0.516282 -0.108743 0.849487
-0.414711 -0.388618 0.822795
-0.0577195 -0.692837 0.71878
0.00134662 -0.0100496 0.999949
-0.600814 -0.334352 0.726107
-0.116713 -0.0513252 0.991839
0.387406 0.403905 0.828721
0.158153 0.197518 0.967458
-0.273424 -0.00291227 0.961889
0.251336 0.257373 0.933054
-0.0538678 0.0378387 0.997831
-0.0357424 0.288728 0.956744
-0.130614 -0.0464294 0.990346
0.0698124 0.317338 0.945739
-0.846894 0.00622347 0.531726
-0.558159 0.230524 0.797068
-0.107504 0.828466 0.549624
0.588913 -0.177301 0.788508
0.502375 -0.548084 0.668747
-0.254865 0.79613 0.548835
-0.742616 0.171033 0.647509
-0.0932295 0.0220244 0.995401
0.630432 0.144582 0.762661
-0.00550215 -0.0267259 0.999628
0.264619 -0.537466 0.800692
-0.539839 -0.57503 0.614748
-0.274524 -0.345501 0.897366
0.0693561 0.0211996 0.997367
0.0771284 0.241724 0.967275
0.00388592 0.00558994 0.999977
0.296745 -0.416325 0.859428
0.422053 0.19747 0.884803
0.469645 0.213066 0.856759
0.257903 -0.456812 0.851357
0.369048 0.272204 0.888656
0.622243 0.409057 0.667447
-0.562322 0.328385 0.758918
0.135075 0.187161 0.972998
-0.210129 -0.372379 0.90398
0.0141057 -0.0857481 0.996217
0.191892 -0.567904 0.800414
0.137389 0.714711 0.685793
0.0358201 0.124976 0.991513
-0.361876 0.0116947 0.932153
-0.116159 0.194149 0.97407
-0.0597831 0.349147 0.935159
-0.350687 -0.762059 0.544321
-0.787423 0.131396 0.602245
0.473722 -0.224584 0.851557
0.178668 0.158868 0.970999
0.257687 0.515022 0.817526
-0.844435 0.0896144 0.528109
-0.431909 -0.0192834 0.901711
0.295607 0.767923 0.568252
0.470565 -0.71048 0.523247
0.479507 -0.611324 0.629568
-0.10356 -0.73889 0.66582
-0.412306 0.367206 0.833765
0.00112121 -0.00875802 0.999961
0.35121 0.0471642 0.935108
-0.485638 0.481821 0.729387
-0.336025 0.167951 0.926758
-0.101511 -0.740652 0.664177
-0.34286 -0.605584 0.718133
0.473804 -0.584518 0.658672
-0.0386778 0.0229413 0.998988
-0.336219 0.223596 0.914856
-0.0210135 -0.0135416 0.999687
0.121936 -0.0693361 0.990113
-0.16787 0.0755372 0.982911
0.0262617 -0.0197456 0.99946
-0.089101 -0.224224 0.970456
0.252851 0.562044 0.787511
-0.502341 0.539523 0.675698
-0.211936 -0.136271 0.967736
-0.502179 0.425945 0.752587
0.152167 0.797401 0.583949
-0.550359 0.461077 0.696069
0.404539 0.0706985 0.911784
0.769473 -0.0846159 0.63305
