0.376107 -0.105893 0.920506
-0.183874 0.121187 0.975451
0.0127375 0.0235835 0.999641
0.239959 0.564079 0.790085
-0.144645 -0.126925 0.981309
0.212986 -0.558205 0.8019
0.305778 0.468417 0.828906
0.0765449 -0.00906327 0.997025
-0.250451 -0.00177506 0.968128
0.40112 0.290828 0.868632
0.23903 -0.77678 0.582648
-0.682321 0.00859761 0.731002
0.162254 0.156766 0.974217
0.09609 -0.264258 0.959653
0.188925 0.751574 0.632015
0.543774 0.599557 0.587232
0.176678 0.171332 0.969242
0.515993 -0.583759 0.626879
0.208465 -0.275961 0.93829
-0.410812 -0.487357 0.77053
0.164145 0.427219 0.889124
-0.580738 0.240661 0.777706
-0.00629971 0.0560311 0.998409
0.53661 -0.670558 0.512252
0.208979 -0.804845 0.555475
0.520123 0.576919 0.62979
-0.685311 0.0317689 0.727557
0.29545 -0.0514676 0.953971
0.0659309 0.85902 0.507678
-0.179072 0.323605 0.929092
0.155772 0.0143878 0.987688
-0.640294 0.367333 0.674604
-0.0614284 -0.341296 0.937946
-0.499903 -0.44968 0.740192
-0.0670249 0.00338737 0.997746
-0.0775361 0.0557117 0.995432
-0.687802 0.149704 0.710294
-0.213178 0.529485 0.821097
0.19911 0.617888 0.760637
0.0818699 -0.0277134 0.996258
0.282872 -0.191826 0.93978
-0.233633 0.380143 0.894934
-0.2801 -0.30648 0.909733
-0.161984 -0.327449 0.930881
0.29213 0.130727 0.947402
-0.145674 -0.0847045 0.9857
0.374001 -0.156895 0.914061
-0.289104 -0.298612 0.909533
0.0660991 -0.0480376 0.996656
-0.0525591 0.123922 0.990899
-0.745496 0.0772985 0.662013
-0.425435 -0.726272 0.539939
0.512218 -0.524363 0.680203
-0.124378 0.428967 0.894717
-0.284788 -0.711609 0.642268
-0.57742 -0.0686043 0.81356
-0.288391 -0.072539 0.954761
0.327882 0.641115 0.693877
-0.687305 -0.455824 0.56554
0.221456 0.477348 0.850351
-0.185193 -0.0305694 0.982227
-0.496388 -0.569671 0.655038
0.0324034 -0.296945 0.954345
0.199686 -0.0722324 0.977194
0.646293 0.0478617 0.761587
0.337562 0.380244 0.861085
-0.722445 0.225094 0.653763
-0.23272 0.132963 0.963412
0.131728 0.194762 0.971965
-0.0525768 0.621387 0.781738
0.376831 -0.489354 0.786467
-0.722183 -0.281383 0.631882
0.682737 -0.172358 0.710044
0.475022 -0.340538 0.811412
-0.217044 -0.593048 0.775362
-0.155148 0.193718 0.968712
0.119312 -0.357188 0.926381
0.155864 0.208572 0.965507
-0.492035 0.232269 0.839019
0.373603 -0.316652 0.871867
0.668741 -0.542383 0.508533
-0.0605827 0.236027 0.969856
0.793117 0.178956 0.582186
0.134934 0.843141 0.520486
0.46711 -0.702076 0.537493
0.503162 0.697058 0.510821
-0.479331 -0.604699 0.636067
-0.0908857 0.131401 0.987154
0.122519 -0.152839 0.980627
-0.339793 0.638332 0.690705
-0.0657552 0.322033 0.944442
-0.330196 0.765134 0.552757
0.599533 0.450649 0.661419
0.620082 0.273709 0.735243
-0.0288825 0.00706173 0.999558
-0.381392 0.419304 0.823847
