0.0307526 -0.0224436 0.999275
0.0102416 0.0122933 0.999872
-0.0103645 0.262501 0.964876
-0.84288 0.145045 0.518185
-0.117172 -0.0600441 0.991295
-0.320491 -0.179752 0.93004
0.60248 0.0242348 0.797766
0.0649108 -0.288352 0.955322
-0.297612 -0.100875 0.949342
-0.325085 0.169858 0.930305
0.0878753 0.00751499 0.996103
0.473933 0.577706 0.664562
-0.731641 -0.373779 0.57008
-0.200034 -0.320813 0.925778
0.302261 0.425837 0.85282
0.322778 0.277725 0.904811
-0.0602064 -0.254954 0.965077
-0.799305 -0.321542 0.507664
0.0398514 -0.0490761 0.998
0.6616 0.429153 0.614909
-0.0531837 -0.00893884 0.998545
-0.190836 0.186146 0.963811
-0.742232 -0.297132 0.60067
-0.153423 0.719501 0.677333
-0.012703 0.11085 0.993756
-0.14855 -0.443787 0.883734
0.210923 0.737782 0.64124
-0.240545 -0.111301 0.964236
-0.115984 0.242049 0.963307
-0.0423014 0.481666 0.875333
0.63468 -0.476711 0.608217
-0.36196 0.565903 0.740769
0.15356 0.363056 0.919027
0.455888 -0.512299 0.727816
0.495611 -0.46851 0.731347
-0.358997 0.750839 0.554402
-0.537571 -0.610361 0.581788
-0.350879 0.359884 0.864505
0.0176879 0.791317 0.61115
-0.116227 -0.0650677 0.991089
-0.041013 -0.00686655 0.999135
0.199362 0.397026 0.895893
0.515209 0.290776 0.806232
-0.0338327 0.259282 0.965209
0.580801 0.554139 0.596322
-0.439854 -0.176617 0.880531
-0.840679 0.142859 0.522351
-0.289075 0.269654 0.918544
-0.0937979 -0.130576 0.986991
0.477465 -0.0904057 0.873987
-0.0335265 0.284004 0.958237
-0.134465 0.55002 0.824255
-0.0264468 0.0103022 0.999597
-0.378447 0.323952 0.867083
0.456875 0.283976 0.842984
0.356982 -0.25782 0.897827
0.0942277 0.706122 0.701793
0.154335 -0.847729 0.50748
0.693544 0.471755 0.544467
-0.253806 0.469363 0.845743
0.0058623 0.275251 0.961354
-0.00695595 -0.0107098 0.999918
-0.203757 -0.0728526 0.976307
0.175477 0.136045 0.975038
0.224286 0.0842281 0.970877
0.335199 0.119745 0.934507
0.0258135 -0.0826832 0.996242
-0.723632 -0.0861237 0.684791
-0.39602 0.130284 0.908952
0.0449872 0.782433 0.621108
0.606971 0.490406 0.62537
-0.357496 0.359914 0.861776
0.0544689 0.293679 0.954351
0.155147 -0.076624 0.984915
-0.719073 -0.387474 0.576886
0.00407542 0.173652 0.984799
-0.311366 0.0533962 0.948789
0.396532 -0.00293131 0.918016
-0.288505 0.342485 0.894131
0.250841 -0.43 0.867282
0.184433 -0.0835485 0.979288
0.656872 -0.15348 0.738216
0.461896 0.0558347 0.885175
-0.259826 -0.285775 0.922401
0.233748 -0.121799 0.964638
-0.0676322 -0.233058 0.970108
0.38894 -0.168383 0.905744
-0.045296 -0.0507491 0.997684
-0.040356 0.433269 0.900361
0.225374 0.254661 0.940401
-0.441954 -0.115081 0.889625
0.218138 -0.206666 0.953784
-0.369145 0.122844 0.921217
0.213697 0.054315 0.975389
-0.0942885 -0.0715097 0.992973
0.246505 0.370952 0.895338
