-0.0476465 -0.313822 0.948286
0.197896 -0.132126 0.971278
-0.0168198 -0.190442 0.981554
-0.282203 0.370656 0.884859
0.774241 0.240607 0.585372
0.735049 -0.432393 0.522244
0.110397 -0.127446 0.985683
0.54468 0.505582 0.669111
0.0422902 -0.590335 0.80605
0.660738 -0.358751 0.659335
0.398447 -0.411356 0.819772
0.680884 -0.0265444 0.73191
-0.0754244 0.340503 0.937213
0.294995 0.322859 0.8993
-0.542579 -0.633165 0.552006
0.0675085 -0.0704768 0.995226
-0.255619 -0.683226 0.684003
0.353447 -0.712074 0.606652
0.520831 -0.212427 0.826807
-0.120603 -0.376913 0.918363
-0.0936029 -0.105083 0.990049
-0.247402 0.802736 0.542592
0.286955 -0.155964 0.945162
0.582387 -0.598183 0.550457
0.00133873 -0.492026 0.870579
0.0132704 -0.282344 0.959221
0.0159114 0.129352 0.991471
-0.539932 0.31517 0.780475
0.0558473 -0.494677 0.867281
0.563953 0.240375 0.790049
-0.202905 0.603369 0.771217
-0.0729654 -0.512189 0.855768
0.208987 0.491705 0.845311
-0.143807 -0.310114 0.93976
0.0779537 -0.22102 0.972149
0.668655 -0.422168 0.612107
-0.0932963 -0.773086 0.627402
0.509773 -0.672327 0.536757
0.00366241 0.0379759 0.999272
-0.406278 0.1539 0.900696
0.0223995 0.182675 0.982918
-0.514689 -0.278092 0.811024
-0.154586 0.034927 0.987362
-0.53483 -0.388908 0.750139
0.296996 -0.765089 0.571343
0.63668 -0.203061 0.743912
0.841063 0.141871 0.522001
-0.432914 -0.705068 0.561662
0.463008 -0.0417934 0.885368
-0.157239 0.84451 0.511936
-0.475789 -0.0577223 0.877663
-0.324343 -0.432877 0.841082
-0.785175 -0.0488866 0.617341
0.795241 -0.0206277 0.605942
-0.0855312 -0.126641 0.988254
0.036243 -0.00613362 0.999324
-0.523472 -0.353786 0.775121
-0.539833 0.64141 0.545136
0.3405 -0.659086 0.670571
-0.00344067 -0.0236269 0.999715
0.212318 -0.353879 0.910874
-0.431964 -0.311047 0.846556
-0.549541 -0.194443 0.812525
-0.465071 -0.492973 0.735314
-0.0767234 0.0721808 0.994436
0.457727 -0.372887 0.807119
-0.178614 -0.538878 0.82323
0.0313761 0.241931 0.969786
0.382831 0.4134 0.82616
0.443645 0.0817986 0.892462
0.0546738 0.476792 0.877314
0.0887917 -0.0493496 0.994827
0.0492222 0.221591 0.973897
0.000234051 0.00343651 0.999994
-0.0141236 0.121296 0.992516
-0.311913 -0.357048 0.88047
-0.470746 0.241568 0.848554
0.267512 -0.122446 0.955743
-0.135724 0.705187 0.695909
-0.0594804 -0.00911357 0.998188
0.060632 0.501589 0.862979
0.31654 0.0419768 0.94765
-0.787012 -0.340584 0.514408
-0.180458 0.747513 0.639264
-0.29822 -0.0031537 0.954492
-0.104809 0.629672 0.769758
0.206948 -0.752351 0.625413
0.127699 -0.647004 0.751717
-0.0642642 0.0680324 0.995611
0.622542 -0.515303 0.588985
0.694327 0.169705 0.699365
0.0495611 0.540468 0.839904
-0.317879 0.569965 0.757689
0.290228 0.333026 0.897141
-0.424747 -0.739678 0.521984
0.0326952 0.0129987 0.999381
