0.085952 0.242928 0.966229
0.238799 -0.591341 0.770253
0.791482 -0.0472553 0.609363
0.248584 0.245374 0.937015
0.0348162 0.14236 0.989202
-0.269142 0.0318495 0.962574
-0.559837 -0.0840806 0.824326
0.49977 -0.564967 0.656538
0.10279 0.0922408 0.990417
-0.544768 -0.546731 0.635856
-0.728443 0.385092 0.566634
-0.221105 0.12632 0.967034
-0.0187037 0.140624 0.989886
-0.031201 0.00662149 0.999491
-0.132659 0.671287 0.729229
0.12199 0.137544 0.982955
0.21954 0.618849 0.754207
0.136346 0.0349035 0.990046
-0.0475356 0.195352 0.97958
0.542696 0.60093 0.586826
0.0937965 -0.275671 0.956665
0.000936175 0.183413 0.983035
-0.499019 0.0786208 0.863017
0.481689 0.684506 0.547199
-0.27857 0.0887856 0.956303
-0.0892565 -0.355094 0.93056
-0.411774 -0.75745 0.506667
-0.565108 -0.0628913 0.822617
0.701147 0.497393 0.510874
0.222653 0.107097 0.968997
-0.360982 0.647505 0.67114
-0.0225303 0.0257332 0.999415
0.0943786 0.284464 0.95403
-0.157609 0.0641711 0.985414
-0.706178 0.0879326 0.702552
-0.349122 0.341661 0.872572
-0.308255 0.494675 0.812573
-0.124986 0.698983 0.704131
-0.0202211 -0.274327 0.961424
-0.027987 0.544488 0.838302
0.148437 -0.47832 0.86555
0.00437943 0.0762389 0.99708
0.792335 -0.0680716 0.606277
-0.628272 -0.0139123 0.777869
0.0324269 -0.664816 0.746303
0.543257 0.0947698 0.834201
0.16528 -0.839602 0.517447
0.0603687 -0.182234 0.9814
-0.321587 -0.0823513 0.943292
0.587517 -0.0561458 0.807262
-0.166245 0.365191 0.915969
0.406129 0.247319 0.879712
0.563053 -0.449009 0.693802
0.313335 -0.356789 0.88007
-0.227141 -0.19612 0.95391
-0.0256996 -0.851676 0.523439
0.266088 0.267197 0.926176
0.153557 0.170639 0.973295
0.0698611 0.0486396 0.99637
-0.791554 0.123962 0.598394
-0.291908 0.748253 0.595741
0.0334838 -0.00566086 0.999423
0.373951 -0.24346 0.894923
-0.2435 -0.3561 0.902164
0.462857 0.221153 0.858403
-0.167313 -0.283836 0.944163
0.0541345 -0.15284 0.986767
0.178716 -0.334874 0.925159
0.269948 0.755047 0.597522
-0.0399488 -0.773851 0.632106
-0.156806 -0.270908 0.949748
-0.695152 0.182501 0.695311
0.77229 0.13184 0.62144
-0.509834 -0.420665 0.750407
0.148863 0.412055 0.898916
0.224605 -0.751032 0.620889
0.51283 -0.355778 0.781298
-0.450308 -0.540516 0.71068
0.347592 -0.42047 0.838084
0.278083 -0.0588628 0.958752
0.789997 -0.110255 0.603116
0.00300695 0.0219083 0.999755
-0.0314311 -0.101229 0.994366
0.521196 -0.0336497 0.852773
-0.095813 0.201567 0.974777
-0.0433175 0.216519 0.975317
-0.0257853 0.166475 0.985708
-0.779766 0.0289936 0.625399
0.100025 -0.113241 0.98852
-0.0727454 -0.602705 0.794642
-0.0137659 -0.11062 0.993767
0.212777 0.23672 0.947992
-0.252733 0.166074 0.953176
-0.244451 0.470994 0.84759
0.102545 0.0345144 0.994129
-0.238096 0.451877 0.85972
