-0.786209 -0.0573895 0.61529
-0.857902 0.106038 0.502753
0.436745 0.68823 0.579304
-0.531592 -0.145483 0.834413
-0.434536 -0.0832253 0.896801
-0.117082 -0.398504 0.909663
-0.40067 0.694652 0.59743
-0.10078 0.40815 0.907335
0.533639 -0.0691364 0.842882
-0.527163 -0.0223434 0.84947
0.0739292 0.665042 0.743137
-0.229489 -0.448559 0.863788
0.812164 -0.200064 0.548055
0.0281054 0.0519487 0.998254
-0.13763 -0.489903 0.860844
0.466935 0.580368 0.667191
-0.736085 -0.178477 0.652936
-0.294786 -0.373441 0.87957
-0.187082 -0.447454 0.87452
-0.4945 0.685481 0.534403
0.0665788 0.196286 0.978284
0.724005 -0.375016 0.578947
0.222095 -0.000977983 0.975025
0.148205 0.0794035 0.985764
0.265071 -0.046145 0.963124
-0.130094 0.152201 0.97975
0.00143839 0.00792718 0.999968
-0.094046 0.0170816 0.995421
0.392599 -0.281281 0.875641
-0.792698 0.189737 0.579336
-0.151388 -0.226547 0.962163
-0.187482 -0.216749 0.958056
0.205157 0.391169 0.897161
-0.045225 0.161561 0.985826
0.00948051 0.00391199 0.999947
0.165711 -0.844113 0.509915
0.66626 -0.51143 0.542712
0.821249 0.268483 0.503455
0.169759 -0.1364 0.976
0.754924 -0.14248 0.640148
-0.0173601 0.63183 0.774913
-0.229773 0.700866 0.675272
-0.678384 -0.407542 0.611315
0.309955 -0.387983 0.867985
-0.138698 -0.607056 0.782462
-0.0573771 -0.0338021 0.99778
-0.678919 -0.344884 0.64817
-0.589512 0.548109 0.59334
0.748527 0.131425 0.649949
-0.546987 -0.0152258 0.837002
-0.251313 -0.708242 0.659723
0.55539 -0.238319 0.79671
-0.533679 -0.297365 0.791682
0.117687 0.394725 0.911231
-0.4081 -0.107546 0.906581
0.71527 -0.299109 0.631603
-0.0865231 -0.130088 0.98772
-0.302714 -0.276386 0.912127
0.124359 -0.790579 0.599599
-0.189412 0.313074 0.930649
-0.568402 0.371796 0.733953
-0.175333 0.0130334 0.984423
0.55607 0.519291 0.64894
-0.440862 -0.584594 0.681095
-0.15358 0.0148884 0.988024
0.828131 -0.174149 0.532795
0.124242 0.368897 0.921129
0.425691 -0.171464 0.888475
0.410461 -0.301231 0.860686
-0.0573875 -0.606146 0.793281
-0.59961 0.222998 0.768596
0.373668 0.0464827 0.926397
-0.226659 -0.349095 0.909262
0.142337 0.381651 0.913281
-0.205353 -0.385298 0.899653
0.253821 -0.132797 0.958092
-0.441371 -0.120785 0.889158
0.226864 0.181203 0.956921
-0.0847783 0.00792064 0.996368
-0.299781 -0.707333 0.640166
-0.00651158 -0.119398 0.992825
-0.685371 0.135391 0.715497
-0.190541 0.280935 0.940622
0.640919 0.00383357 0.767599
-0.481415 -0.339006 0.808279
0.548149 -0.0194305 0.836155
-0.664711 0.491046 0.563057
0.401923 -0.390696 0.828139
-0.130261 -0.315643 0.939894
0.0997042 0.0513797 0.99369
0.41997 -0.158671 0.89356
0.109274 0.0776736 0.990972
-0.270013 0.261568 0.926647
0.20004 0.658666 0.725358
0.635862 -0.0819328 0.767442
0.781283 0.0180904 0.623915
