0.0105465 0.146506 0.989154
0.0624077 -0.787182 0.613555
-0.460924 -0.38044 0.801757
-0.40894 -0.125129 0.903942
0.23328 -0.155835 0.959842
-0.217014 -0.578998 0.785918
0.422236 -0.481036 0.768324
-0.0328922 0.131093 0.990824
-0.0595927 -0.34668 0.936089
0.38675 0.466801 0.795312
-0.701068 0.448943 0.554035
0.671159 -0.271165 0.689939
0.0957581 0.134666 0.986253
-0.0375533 0.153766 0.987393
-0.574261 0.321279 0.752996
-0.266756 -0.141209 0.953363
0.112988 -0.26469 0.957691
0.604819 0.502643 0.617693
-0.803444 -0.222585 0.552208
-0.259222 0.0400085 0.964989
-0.042143 -0.0254434 0.998788
0.0919915 -0.255386 0.962453
-0.764975 -0.330247 0.552946
0.631867 0.440575 0.637682
0.2542 0.121148 0.959534
-0.0246166 -0.112089 0.993393
0.133441 0.680175 0.720802
-0.211096 0.745087 0.63268
0.282682 -0.554283 0.782855
-0.112683 -0.653375 0.748601
0.533872 -0.175442 0.827165
0.527736 -0.103458 0.843085
0.0883947 0.464909 0.880935
-0.289357 -0.429986 0.85521
0.0698355 0.0867579 0.993779
-0.150891 0.00318786 0.988545
-0.75611 -0.16705 0.632765
-0.00943051 -0.0242179 0.999662
0.537728 -0.258884 0.802389
0.0451831 -0.66786 0.742914
-0.351603 0.238694 0.905207
0.311755 0.0628314 0.948083
0.226612 0.236769 0.944769
0.0591648 0.371702 0.926465
0.209263 0.547772 0.810034
-0.3438 0.369206 0.863417
-0.0481729 0.357333 0.932734
0.391546 -0.123553 0.911826
0.327012 0.709994 0.623677
-0.520539 0.617659 0.589522
-0.0266744 0.194326 0.980574
-0.0900814 -0.624051 0.776174
0.220035 0.261845 0.939693
-0.782015 0.0196983 0.622948
-0.303803 0.252896 0.918557
0.174783 -0.183535 0.96735
-0.154684 0.291924 0.94385
0.444593 -0.392764 0.80503
0.317292 0.564938 0.76169
0.519633 -0.117116 0.846325
-0.140824 -0.118701 0.982893
-0.56543 0.596805 0.569309
-0.00165207 0.000500372 0.999999
0.733881 -0.173 0.656879
-0.112412 0.0298826 0.993212
0.470551 -0.343364 0.812824
0.30753 0.383666 0.870762
0.0359813 0.0653244 0.997215
0.546571 -0.163375 0.821321
0.131717 -0.043721 0.990323
0.02457 -0.557519 0.8298
0.365506 0.753141 0.546978
-0.591292 0.289323 0.752772
0.472436 0.459013 0.752404
-0.0831407 0.23014 0.9696
0.514594 -0.415729 0.749908
-0.420843 0.0596602 0.905169
-0.569805 -0.613887 0.546319
-0.266647 -0.817553 0.510399
0.0212497 -0.0131428 0.999688
0.173609 -0.319156 0.931665
-0.297696 0.255446 0.91985
0.358879 -0.424061 0.831491
0.67153 0.115381 0.731939
0.543392 -0.572635 0.613852
-0.127752 -0.222847 0.966447
-0.0224874 -0.0422437 0.998854
0.0298347 -0.00181947 0.999553
-0.411439 -0.432647 0.802206
0.445505 -0.721543 0.530002
-0.337078 0.381086 0.860901
-0.214154 -0.728877 0.65029
0.147347 -0.0701489 0.986594
-0.720117 -0.115165 0.684229
0.506848 0.310058 0.804344
0.37644 -0.00492787 0.926428
