0.240351 0.0713023 0.968064
0.0948372 0.258244 0.961413
-0.538511 -0.0222117 0.842326
-0.355964 -0.394004 0.847379
0.0249205 0.108621 0.993771
-0.709086 0.233152 0.66546
0.150604 -0.0839415 0.985024
0.567313 0.59821 0.565951
-0.0432148 -0.747591 0.662752
0.490559 -0.54372 0.68097
0.0806028 -0.0467552 0.995649
-0.0584041 0.0474233 0.997166
0.0581966 -0.723735 0.68762
0.0959099 -0.307132 0.946822
-0.075735 -0.0357951 0.996485
0.0906466 0.0758064 0.992994
-0.798013 -0.156956 0.581842
-0.116073 -0.259076 0.958857
-0.0281212 0.0154117 0.999486
0.245643 -0.821847 0.51403
0.153937 0.0390403 0.987309
0.032195 -0.0967304 0.99479
0.774288 -0.238667 0.586103
-0.29646 -0.665153 0.685335
-0.139307 -0.826515 0.545406
0.0438993 0.0255721 0.998709
0.0571787 0.199589 0.97821
0.0315432 0.0739732 0.996761
0.245559 -0.00320587 0.969376
-0.42884 0.0661855 0.900953
0.321498 -0.169247 0.931662
0.729983 0.250023 0.636092
-0.56773 0.189025 0.801219
-0.0151364 -0.0771794 0.996902
0.188499 0.431463 0.882218
-0.245117 0.0388813 0.968714
-0.0691795 -0.185923 0.980126
-0.00256275 -0.0139958 0.999899
0.690359 0.0341493 0.722661
-0.358416 0.278423 0.891077
0.107586 -0.116923 0.987296
0.389427 0.384749 0.836848
0.391432 0.0104282 0.920148
-0.496143 0.694903 0.52053
0.0232811 -0.14473 0.989197
-0.750897 0.154212 0.642162
-0.00110381 0.00219915 0.999997
0.245356 0.161148 0.955945
-0.0736006 0.635914 0.768243
0.439688 0.532167 0.723514
0.432801 0.274437 0.858701
-0.692801 -0.492667 0.526599
-0.171681 -0.780912 0.600584
-0.0436557 0.832405 0.552446
0.568094 0.621128 0.539878
0.417058 0.285003 0.863039
-0.313726 -0.74954 0.582895
0.154104 -0.0318428 0.987541
0.351263 0.707786 0.612906
0.0402624 -0.0957411 0.994592
-0.223351 0.0728715 0.97201
-0.351442 0.050746 0.934833
-0.495278 0.223332 0.839537
-0.526808 0.17853 0.831024
-0.213213 -0.493819 0.84302
0.824688 -0.175715 0.5376
0.370717 0.0967955 0.923688
-0.31094 0.645304 0.697782
-0.200755 -0.460309 0.864762
-0.234766 -0.0493304 0.970799
0.0502344 0.0916671 0.994522
0.183549 0.16742 0.968649
-0.146534 -0.547873 0.823628
0.365036 0.411528 0.835101
0.556403 0.348591 0.754255
-0.129579 -0.394705 0.909625
0.763995 0.127363 0.632527
-0.697341 0.313872 0.64436
-0.436494 -0.718369 0.541682
-0.0482439 -0.1839 0.98176
-0.666003 -0.357658 0.654614
-0.0135689 -0.0855439 0.996242
0.849619 -0.0911284 0.519465
0.40802 0.617192 0.67275
-0.119593 0.528328 0.840575
0.184133 -0.13852 0.973092
-0.0653256 -0.0364504 0.997198
-0.28283 0.085878 0.955318
0.221407 -0.262768 0.939112
-0.446554 0.426241 0.786707
-0.0220701 -0.0234943 0.99948
0.293138 0.426602 0.855617
0.717001 0.238843 0.654877
-0.225389 0.83547 0.501188
-0.189842 -0.1121 0.975394
0.029864 0.394405 0.918451
