-0.33595 -0.0227666 0.941605
-0.0227705 -0.849936 0.526393
-0.342999 0.658685 0.669691
-0.205407 -0.0117889 0.978606
-0.337268 -0.536454 0.773607
0.18158 0.377516 0.908025
-0.842733 0.136332 0.520783
0.0382123 -0.0025387 0.999266
-0.443813 -0.633961 0.633343
-0.1807 -0.418751 0.889941
0.0895366 -0.318475 0.943693
0.114359 0.848421 0.516821
-0.181939 -0.182054 0.96631
-0.0315648 0.0418589 0.998625
0.0808136 -0.0691741 0.994326
-0.740618 0.0589487 0.669335
-0.196474 0.29176 0.936095
-0.215654 -0.290848 0.932149
0.193516 0.302061 0.93344
-0.23328 0.479148 0.846167
0.0258964 -0.137682 0.990138
0.00982388 -0.00542633 0.999937
-0.435051 0.316637 0.842895
0.437878 -0.200492 0.876394
-0.0445451 -0.817865 0.573684
0.00386579 0.00238164 0.99999
-0.336913 -0.159031 0.928008
-0.0100188 0.0121942 0.999875
0.0319469 -0.0895322 0.995471
0.0258498 0.284329 0.958378
-0.321672 0.31674 0.892302
0.666638 0.509256 0.544291
-0.781313 0.230988 0.579822
0.525418 0.0299818 0.850316
-0.212186 -0.0824397 0.973746
0.220954 0.78032 0.585047
0.120584 0.813569 0.568828
-0.573376 -0.0109839 0.819219
0.390659 -0.704491 0.592519
-0.0224286 -0.0158047 0.999624
0.249537 0.683726 0.685748
-0.00786336 0.00795501 0.999937
-0.264156 0.314933 0.911613
0.0160341 -0.0276779 0.999488
0.510375 0.68827 0.51556
-0.00104576 0.0557686 0.998443
0.0476891 -0.863778 0.501611
0.152414 0.309088 0.938741
-0.514867 0.00364409 0.857262
-0.0668026 0.271484 0.960122
0.124448 0.366667 0.921991
-0.322585 -0.740428 0.589665
-0.0782022 -0.708186 0.701682
-0.0676473 0.680142 0.729952
-0.230833 0.751457 0.618085
0.0517669 0.00720903 0.998633
0.18794 -0.163124 0.96854
-0.319928 0.692316 0.646795
-0.0263956 -0.0917837 0.995429
0.206135 -0.0520742 0.977137
0.637674 0.380981 0.669496
0.415277 -0.531346 0.738388
-0.496114 0.0499163 0.866821
-0.282595 -0.582982 0.761756
0.241762 0.356153 0.902611
0.386917 0.570487 0.724458
-0.554588 -0.196138 0.808679
0.0137224 -0.149289 0.988698
-0.0422716 0.0272903 0.998733
-0.110215 -0.0414808 0.993042
0.308759 -0.731542 0.607876
-0.781506 -0.015694 0.6237
-0.844403 -0.163004 0.510307
0.432328 -0.330622 0.838917
-0.0836242 0.149266 0.985255
0.28656 -0.6056 0.742382
0.00294025 -0.00709331 0.999971
0.0359377 0.135056 0.990186
-0.227306 0.741762 0.630969
-0.061854 0.263952 0.962551
0.646967 0.550714 0.527397
0.0414642 -0.0913038 0.994959
-0.0311357 -0.536339 0.843428
0.444216 0.270537 0.854097
-0.314704 0.352835 0.881175
-0.0126363 -0.0104327 0.999866
-0.005326 0.116145 0.993218
-0.376971 -0.125018 0.917749
0.0474922 -0.383026 0.922516
-0.123575 0.670396 0.731641
0.0584514 0.0780388 0.995235
0.16506 -0.518275 0.839134
0.0125802 0.489032 0.872175
-0.00634234 0.00546171 0.999965
0.187311 -0.459448 0.868229
-0.262434 0.0723651 0.962233
