-0.198003 0.0491913 0.978966
0.468223 0.654378 0.593766
0.362082 -0.500952 0.786094
0.216341 0.381967 0.898497
-0.692207 -0.220585 0.687162
0.126814 0.319228 0.939155
-0.542698 0.515267 0.663309
-0.0510467 0.0178319 0.998537
0.451174 -0.545776 0.706095
0.355594 -0.123201 0.926485
-0.474804 -0.0740784 0.876969
0.493019 0.308253 0.81358
0.11791 -0.644204 0.75571
0.733543 0.310359 0.604642
-0.0728 0.0378963 0.996626
-0.290569 -0.646992 0.704961
0.766028 -0.23701 0.597518
-0.123386 -0.240859 0.962685
-0.312988 0.381936 0.869577
-0.533373 0.607225 0.588889
-0.00448081 0.0371901 0.999298
0.252461 0.68701 0.681381
0.0910465 -0.322011 0.942348
0.626177 0.11771 0.770744
0.21369 0.590501 0.778232
-0.178422 0.476224 0.861032
0.371209 0.0817932 0.92494
-0.0340614 -0.0219903 0.999178
-0.0183229 0.011077 0.999771
0.0819135 -0.19139 0.97809
-0.367722 -0.0759493 0.926829
0.00760267 0.0024228 0.999968
0.00927209 0.104838 0.994446
-0.0138137 0.0391936 0.999136
0.278068 -0.169969 0.945404
0.757707 0.28065 0.589165
-0.301374 0.248689 0.920504
0.379495 0.663489 0.644799
0.130963 0.145017 0.980724
0.000246856 0.0160739 0.999871
-0.100792 0.675211 0.730706
-0.233821 0.162968 0.958524
0.0460191 0.0241414 0.998649
-0.632877 -0.576038 0.517346
0.0264513 -0.122699 0.992091
-0.835856 -0.0994522 0.539865
0.280173 0.203056 0.938228
0.112859 0.645371 0.755486
-0.128336 0.122136 0.984181
0.0550327 -0.107844 0.992644
-0.0213289 0.00923467 0.99973
-0.00285792 -0.714956 0.699163
0.359486 -0.78151 0.509915
-0.476725 -0.630684 0.612348
-0.441854 0.210235 0.872105
0.0192661 -0.830232 0.557084
-0.163042 -0.0173884 0.986466
0.443231 -0.506646 0.739497
-0.00972181 0.831474 0.555479
0.120166 -0.697466 0.706471
0.222125 -0.681126 0.697659
0.098286 0.225487 0.969276
0.0414214 -0.250724 0.967172
-0.195497 0.14202 0.970366
-0.0828633 -0.620454 0.779853
0.00426689 0.0218646 0.999752
0.290418 -0.0915852 0.952507
0.0267043 0.620415 0.783819
-0.547386 0.517807 0.657453
-0.580566 -0.223891 0.782826
-0.363761 0.328863 0.871509
-0.170977 0.0185793 0.9851
0.0244731 0.0499588 0.998451
-0.385216 0.593572 0.706598
-0.033959 -0.249898 0.967677
-0.348469 0.658218 0.667322
0.651274 -0.518837 0.55376
-0.595814 0.491059 0.635505
-0.791646 -0.119559 0.599169
-0.0717245 0.0319541 0.996912
0.322245 0.295045 0.899503
-0.252819 0.639128 0.726359
0.407052 0.420192 0.811016
0.359774 -0.232365 0.903642
-0.374822 -0.466741 0.801038
0.0589375 0.344518 0.936928
0.0627751 0.401418 0.913741
0.367077 -0.276043 0.888288
-0.13464 0.00441902 0.990885
-0.458059 0.0493473 0.887551
0.556271 -0.280881 0.782093
0.399751 0.558214 0.727046
0.0449147 0.0276933 0.998607
-0.0309803 -0.0278091 0.999133
0.63166 -0.554148 0.542149
-0.177693 0.137694 0.974405
