0.0506174 -0.554947 0.830344
0.0170775 0.423265 0.905845
0.0215713 0.840089 0.54202
-0.00453273 0.182823 0.983135
-0.645015 -0.323219 0.692449
-0.216458 -0.525448 0.822831
-0.388835 0.608501 0.691761
0.628041 -0.256906 0.73455
-0.195516 0.100501 0.975537
-0.0752994 0.050853 0.995863
0.0981224 0.143266 0.984808
-0.298949 -0.29722 0.906802
0.227471 0.071623 0.971147
-0.00549807 -0.557082 0.830439
0.252368 0.352707 0.90106
0.115714 -0.855246 0.505139
0.645108 -0.472563 0.600433
0.400773 0.42265 0.812864
-0.28694 0.303693 0.908535
0.217533 -0.275217 0.936448
-0.244088 -0.482804 0.841024
0.577007 0.644777 0.501324
0.313256 -0.321324 0.893656
-0.00121896 0.446143 0.894961
-0.404434 0.737964 0.540223
0.583147 -0.444727 0.679821
0.701533 0.151686 0.696307
0.378363 0.331531 0.86425
-0.00113433 -0.0999564 0.994991
0.418486 0.71174 0.564176
-0.0830616 -0.236784 0.968005
-0.468908 -0.587015 0.659954
0.759586 0.108511 0.641292
0.401307 0.400263 0.823858
0.520933 -0.291313 0.80235
-0.0321273 -0.077556 0.99647
0.35242 -0.535957 0.76717
-0.0779899 -0.239637 0.967725
-0.208631 0.445343 0.870714
0.0379502 -0.0325084 0.998751
-0.0428646 -0.0577487 0.997411
-0.281744 0.286067 0.915853
0.102662 -0.621739 0.776467
-0.0974219 -0.372285 0.922991
0.0898409 -0.328809 0.940113
-0.104573 -0.100533 0.989423
0.195915 -0.435562 0.87858
0.279217 -0.0310512 0.959726
-0.454427 0.183155 0.871751
0.201374 0.132709 0.970483
0.159853 -0.115792 0.980326
-0.446524 0.146022 0.882776
0.041137 0.0616696 0.997249
-0.116611 0.25354 0.960271
-0.27533 -0.00933237 0.961304
-0.0295657 0.00319231 0.999558
0.32401 0.703612 0.632414
0.0403138 -0.0246359 0.998883
-0.337369 0.641978 0.68851
-0.752189 0.164882 0.637985
0.124699 0.658899 0.741823
-0.164414 0.122852 0.978711
-0.0171884 0.608426 0.793424
0.022081 -0.00907753 0.999715
-0.284839 -0.747898 0.599596
-0.0311111 -0.150151 0.988173
-0.497659 -0.059921 0.8653
0.547736 -0.531418 0.646205
0.470195 0.56527 0.677781
0.19472 -0.230145 0.953477
0.588839 0.227262 0.775642
-0.274734 -0.469703 0.838987
0.28041 -0.275492 0.919497
-0.766152 -0.288507 0.574261
0.0569218 -0.139777 0.988546
0.280567 0.401212 0.871958
-0.379164 -0.0778355 0.92205
-0.284784 -0.233185 0.929797
0.238454 -0.0892396 0.967045
-0.221753 0.167041 0.960689
-0.583763 0.398921 0.707166
-0.121662 -0.620637 0.774602
0.180161 0.428265 0.885511
0.319995 0.467186 0.824221
0.829805 0.141718 0.539759
0.218974 0.509868 0.831916
-0.0591839 -0.073235 0.995557
-0.807795 0.0819001 0.583746
-0.165934 0.0396161 0.985341
0.499199 -0.38587 0.775825
-0.00946005 0.00396792 0.999947
-0.616432 0.217128 0.75688
0.646398 0.391218 0.655071
-0.0025237 -0.0803322 0.996765
-0.466485 0.645596 0.604647
0.0857085 0.00790538 0.996289
