-0.447254 0.124745 0.885665
-0.186275 -0.736634 0.650132
0.180898 -0.0388398 0.982735
-0.559879 0.047834 0.827192
-0.122475 -0.611854 0.781432
0.019331 0.822783 0.568026
-0.645903 0.0578024 0.761228
-0.157421 0.157401 0.974907
-0.219096 0.514085 0.829285
-0.10171 -0.725699 0.680453
0.322421 -0.438948 0.838671
0.00048614 0.371283 0.92852
-0.0298854 -0.0732102 0.996869
0.571113 0.159997 0.805128
-0.360223 0.674305 0.644633
0.195731 -0.157002 0.968008
-0.0159869 -0.237246 0.971318
0.745281 -0.114795 0.656795
-0.722867 -0.428898 0.541765
-0.451198 -0.0524665 0.89088
0.00345329 0.00742433 0.999966
-0.43927 -0.399835 0.804471
0.452066 -0.498274 0.739837
0.00739638 0.0533257 0.99855
0.622492 -0.585709 0.519084
0.598833 0.470716 0.647939
0.468284 0.0283333 0.883124
-0.590668 -0.218936 0.776646
0.218888 -0.437523 0.872159
-0.115516 -0.0752985 0.990447
-0.00611502 -0.00614169 0.999962
-0.258734 -0.191736 0.946728
0.300253 -0.191191 0.934502
-0.06862 0.148141 0.986583
-0.294037 -0.0182588 0.95562
0.00443212 -0.0762414 0.99708
0.429423 0.19241 0.882368
0.0424823 -0.0969365 0.994384
-0.564888 0.452347 0.690133
-0.379618 -0.748206 0.54413
0.582622 0.243546 0.775395
0.340925 0.596157 0.726889
0.642969 -0.392334 0.657773
-0.106162 -0.55017 0.828277
0.651065 -0.475114 0.59193
-0.539662 -0.267342 0.798307
-0.349796 -0.2232 0.909849
-0.383573 0.747162 0.542789
0.386211 -0.247087 0.888701
0.384246 -0.646595 0.658992
0.172209 0.672638 0.719654
-0.285354 -0.786264 0.548053
-0.0896667 0.0230006 0.995706
0.0810556 0.0498356 0.995463
-0.238947 0.118675 0.963753
-0.767958 0.384525 0.512232
-0.468053 0.214837 0.857188
-0.353759 0.550198 0.756397
-0.442958 -0.44506 0.778273
0.0448997 -0.619684 0.783566
0.648116 -0.381052 0.659352
0.658061 0.238886 0.714066
0.213584 0.0674082 0.974596
-0.0144648 0.063885 0.997852
0.56087 0.376957 0.737109
-0.141995 0.12793 0.981566
0.138891 -0.226146 0.964141
-0.733576 -0.0439804 0.678183
-0.0406359 -0.130288 0.990643
0.0480003 0.0343724 0.998256
0.0236124 -0.0931439 0.995373
-0.280175 -0.265138 0.922607
0.217228 -0.0852404 0.972392
-0.44561 -0.584039 0.678476
0.622396 -0.298276 0.72364
0.29827 -0.72429 0.621642
-0.0480168 0.0357452 0.998207
-0.177438 -0.706911 0.684684
-0.476823 -0.119394 0.870853
0.182437 -0.612846 0.768854
-0.587149 0.270754 0.762855
0.00495433 0.183588 0.982991
0.344318 0.516079 0.784288
0.00925773 -0.803892 0.594703
0.248357 -0.524009 0.814698
-0.0370184 -0.0313995 0.998821
-0.112558 -0.625577 0.772
-0.638555 0.358127 0.68117
0.0591785 -0.228812 0.97167
-0.770148 -0.10729 0.628778
0.238881 0.378143 0.894396
-0.1479 -0.624904 0.766564
0.420318 -0.548639 0.722722
0.58606 -0.105345 0.80339
-0.0547974 0.212719 0.975576
0.00683129 -0.037408 0.999277
