-0.105158 -0.057879 0.99277
0.7087 0.339909 0.618228
-0.358732 0.730612 0.580962
0.586407 0.138422 0.798101
-0.123739 0.725544 0.676959
0.0393525 -0.105652 0.993624
-0.302094 -0.6283 0.716923
0.781739 0.23691 0.576851
0.379647 -0.384448 0.841468
0.129455 0.177424 0.975583
-0.60431 0.575226 0.551293
0.0835336 0.697572 0.711628
-0.113479 -0.0864888 0.989769
0.0846416 0.409872 0.908207
-0.006296 -0.579417 0.815007
0.521553 0.611095 0.595437
-0.0656952 -0.0690488 0.995448
0.0298843 0.0389635 0.998794
-0.0499852 -0.00195473 0.998748
0.0907677 0.847726 0.522611
0.291524 0.445467 0.846506
-0.296476 -0.0403232 0.954189
-0.761591 0.194397 0.618214
-0.489296 -0.251479 0.835074
0.0102175 0.00128706 0.999947
-0.201979 0.327709 0.922936
-0.227081 -0.24172 0.943401
0.28704 0.399447 0.870661
-0.567383 0.0421411 0.822375
-0.525427 -0.0279607 0.850379
-0.725725 0.0171961 0.68777
-0.000861041 0.0349134 0.99939
-0.426618 0.521238 0.739127
-0.0289506 -0.144323 0.989107
-0.31278 -0.0901069 0.945542
0.24246 0.496384 0.833556
0.204615 0.606499 0.768304
-0.38931 0.771184 0.5037
-0.00191969 0.0818145 0.996646
0.195066 -0.363209 0.911059
0.526239 0.303915 0.794171
0.139979 0.320467 0.93686
-0.48705 0.350912 0.799777
0.249043 0.269096 0.930358
-0.16892 -0.262052 0.950155
-0.11454 0.246662 0.962309
-0.0976259 0.826001 0.55515
-0.0592016 -0.737669 0.672562
0.794814 -0.134638 0.59173
-0.709154 0.152801 0.688297
0.0258234 0.11094 0.993492
-0.160648 0.0579463 0.985309
0.0957506 0.18721 0.977642
0.416511 0.589725 0.691913
-0.489029 -0.296802 0.820219
-0.150071 0.0729652 0.985979
0.545608 0.449729 0.707146
0.689769 -0.15808 0.706562
0.595518 0.554059 0.581702
-0.26744 -0.208835 0.940672
-0.0708021 -0.0534437 0.996058
-0.143908 -0.115346 0.982846
0.537501 -0.106476 0.836514
-0.123458 0.232622 0.964699
-0.000256355 0.00249933 0.999997
-0.345584 0.258305 0.902137
0.736448 0.297621 0.607509
0.0386814 -0.295244 0.954639
0.438821 0.59078 0.677063
0.0325484 0.00754431 0.999442
-0.130611 -0.327566 0.935757
0.49037 -0.382064 0.783303
-0.0379035 -0.216168 0.97562
-0.723315 0.218839 0.654924
0.191492 -0.189272 0.963072
-0.371985 0.552044 0.74624
-0.75162 -0.144565 0.643559
0.02836 0.255729 0.966332
-0.0212235 0.0020142 0.999773
-0.515035 -0.599414 0.612733
-0.0349836 -0.089264 0.995393
-0.309238 0.517634 0.797764
-0.615899 -0.0555247 0.785866
0.106328 -0.0950878 0.989774
0.290652 -0.36602 0.884053
-0.150936 -0.276193 0.949176
-0.286131 0.439244 0.851583
-0.819009 0.0828197 0.567772
-0.521247 -0.0737831 0.850211
-0.112015 -0.301864 0.946747
0.190192 0.00703609 0.981722
0.434422 0.378011 0.817548
-0.0293851 -0.611278 0.79087
0.607708 -0.0674687 0.79129
0.227868 0.80114 0.5534
0.613832 0.384443 0.689502
