-0.576608 -0.134265 0.805913
-0.0865936 0.505692 0.858357
-0.554201 -0.186537 0.811212
-0.222771 -0.107253 0.968953
-0.0677615 0.420478 0.904769
-0.212816 -0.0306608 0.976611
-0.00956736 0.0460581 0.998893
-0.01993 0.349875 0.936584
-0.0864145 0.307033 0.947767
-0.358511 -0.611717 0.705176
0.319617 0.369595 0.872493
-0.127509 -0.75444 0.643865
-0.215099 -0.693276 0.687823
-0.4229 0.131026 0.896654
-0.370779 0.144718 0.917377
0.483418 0.712666 0.508345
0.368022 0.253101 0.894706
-0.0590892 0.659931 0.748999
0.632536 0.584645 0.508023
-0.117686 -0.105589 0.987421
0.31509 0.432424 0.844824
0.0362466 0.0807404 0.996076
0.0627881 -0.726254 0.684553
-0.00216019 -0.00449655 0.999988
-0.328953 0.446901 0.831907
-0.576032 -0.0786435 0.813635
0.289464 -0.517766 0.805065
0.045176 0.621124 0.782409
0.130865 -0.21758 0.96723
-0.0753646 0.302092 0.950295
0.474199 -0.663492 0.578717
0.0839939 0.230189 0.969514
-0.606883 -0.00691751 0.794761
-0.0647908 -0.740363 0.669078
-0.151036 0.266404 0.951954
-0.0937359 0.14686 0.984706
0.119496 -0.693339 0.710635
-0.822435 -0.0305999 0.568036
-0.0552763 0.092034 0.99422
0.173136 -0.404061 0.898198
0.204138 -0.112458 0.972461
0.593452 0.630043 0.50086
0.13302 -0.191749 0.972388
0.695472 -0.306987 0.649675
0.174965 0.170092 0.969771
-0.420596 0.230194 0.877559
0.725431 -0.408439 0.55401
-0.224862 0.106795 0.96852
0.147648 0.0883253 0.985088
0.655235 -0.0371664 0.75451
-0.0436919 -0.044749 0.998042
-0.0200468 0.0394545 0.99902
0.555198 0.416014 0.7202
0.536906 0.232947 0.810844
0.326544 -0.536596 0.778096
-0.244666 -0.0114209 0.96954
-0.545077 0.317798 0.775819
-0.500915 -0.40739 0.763622
-0.440866 -0.211448 0.872311
-0.0617798 -0.403405 0.912934
-0.743474 0.295741 0.599819
0.529032 -0.385738 0.755864
0.538537 0.266095 0.799482
0.468135 -0.0767838 0.880315
0.0850761 -0.368477 0.925736
-0.427583 0.50232 0.751563
0.0741697 0.191597 0.978667
0.476482 0.25392 0.841718
0.0257676 -0.153105 0.987874
-0.121667 0.0702848 0.990079
-0.0512196 0.18383 0.981623
-0.644871 0.429052 0.632499
0.641655 -0.425411 0.638205
0.121561 -0.0789336 0.98944
0.0651716 0.261033 0.963127
-0.387971 -0.266645 0.882258
0.0897568 0.601269 0.793989
-0.0293636 0.838844 0.543579
0.616683 0.517577 0.593141
0.635267 0.206168 0.744265
0.714678 -0.0904817 0.693577
0.359519 0.337264 0.870057
-0.142283 -0.639729 0.755316
-0.609265 0.427235 0.668032
0.0265742 0.16739 0.985533
-0.14153 0.00896553 0.989893
0.130523 -0.215654 0.967707
0.259289 0.204979 0.943797
-0.00937457 -0.05509 0.998437
-0.395288 -0.147873 0.906576
-0.700712 0.35639 0.618053
-0.349328 0.773903 0.528247
-0.131685 0.454244 0.881091
-0.696478 -0.460826 0.550052
-0.279339 -0.592386 0.755678
-0.291624 0.352539 0.889197
