0.0620662 0.611389 0.788892
0.0246515 0.027677 0.999313
0.591362 -0.254035 0.765348
0.0436019 -0.0807213 0.995783
0.021745 -0.0825058 0.996353
0.162364 -0.528184 0.833462
0.0398976 -0.00136444 0.999203
0.256696 0.542897 0.799606
0.248611 0.0101779 0.96855
-0.0871877 0.0569072 0.994565
-0.108455 0.421697 0.900227
0.54607 0.0732206 0.834533
-0.399144 -0.047316 0.915667
-0.263299 0.36507 0.892971
0.816669 -0.01934 0.576783
0.4574 0.0226713 0.888972
0.337933 0.314499 0.887069
0.147874 -0.0100453 0.988955
-0.492186 -0.0787555 0.86692
-0.11611 0.436294 0.892281
0.162388 -0.13796 0.977035
-0.404775 -0.749892 0.523277
0.113186 -0.101052 0.988422
-0.0310103 0.0873485 0.995695
-0.134027 0.154117 0.97892
-0.19715 -0.453079 0.869397
-0.0766475 0.534496 0.841688
-0.68411 0.326257 0.652342
-0.144271 -0.162999 0.976021
-0.112325 -0.0293536 0.993238
0.694287 0.489844 0.527274
0.276595 -0.340973 0.898461
-0.715985 0.288593 0.635673
-0.80282 0.0565174 0.593536
-0.547165 -0.446826 0.707783
-0.50337 0.0725101 0.861023
0.311842 0.735891 0.601015
0.187657 -0.627355 0.755785
0.166558 0.838142 0.5194
-0.298836 0.427426 0.853232
0.322117 -0.18685 0.928077
0.523025 0.0247914 0.851957
-0.30674 0.316863 0.897501
0.030654 -0.0241585 0.999238
0.524131 0.0196927 0.85141
-0.726617 0.420213 0.543552
-0.240544 0.473675 0.847214
0.0368442 -0.676015 0.735966
0.242164 -0.299411 0.922881
-0.435554 0.359486 0.825265
-0.471126 0.148391 0.869494
0.235669 0.0635829 0.969751
-0.330222 0.348978 0.877022
-0.786354 -0.317413 0.529997
0.358932 -0.241491 0.901582
0.272791 -0.180641 0.944962
0.466764 -0.720297 0.513132
0.316446 -0.207249 0.925694
0.388341 -0.111728 0.914718
-0.0833955 -0.131068 0.987859
-0.460861 -0.564786 0.684561
-0.461244 0.437118 0.772128
0.251092 -0.559596 0.789813
0.263068 0.0513805 0.963408
-0.141348 0.371372 0.917662
0.463822 -0.554432 0.690995
0.447862 0.542249 0.710905
0.0168346 -0.847212 0.530988
-0.0551594 -0.199423 0.97836
-0.738196 0.445775 0.506312
-0.618017 0.430499 0.657818
0.624467 -0.237033 0.744215
-0.00270494 0.00390921 0.999989
0.0214425 0.679058 0.733771
0.0654624 0.320329 0.945042
0.721087 -0.154585 0.675379
-0.0838683 0.0869899 0.992673
-0.608287 0.472354 0.637862
-0.657433 -0.239049 0.714589
0.281383 0.120455 0.952005
-0.239194 0.316362 0.917988
0.365877 0.243853 0.898148
-0.460691 -0.062535 0.885355
0.0768984 0.374436 0.924059
-0.772046 -0.328323 0.544196
-0.308023 0.275326 0.910669
0.343962 0.0747228 0.936006
0.0113514 -0.0471346 0.998824
-0.0988908 -0.488556 0.86691
0.250792 0.51274 0.821098
0.0130261 0.393173 0.919372
-0.737402 -0.236477 0.632706
-0.371743 -0.0409104 0.927434
0.117697 0.334685 0.934951
-0.448463 -0.585199 0.675591
0.212136 -0.00456283 0.977229
