0.365508 0.0867292 0.926759
0.182938 0.0572803 0.981454
-0.07232 0.303075 0.950218
0.162271 -0.0672484 0.984452
0.0164765 -0.121473 0.992458
0.236093 0.7028 0.671068
-0.0682845 0.725706 0.684608
-0.0167383 -0.0521574 0.998499
-0.0930629 0.172107 0.980672
0.504352 -0.349791 0.789478
0.246944 0.0345107 0.968415
-0.689366 -0.230438 0.686784
-0.175462 0.287855 0.941463
-0.134388 -0.431091 0.892244
0.0446105 -0.20961 0.976767
-0.569168 0.419101 0.707391
-0.464243 -0.539308 0.702585
0.0115664 0.586551 0.80983
-0.30276 0.053955 0.951538
-0.0217393 0.229549 0.973054
-0.235331 -0.0547995 0.970369
0.154773 -0.0363135 0.987283
0.389162 0.271821 0.880151
-0.00870435 -0.534738 0.844973
-0.0861333 -0.0333721 0.995725
0.422839 -0.437753 0.793461
-0.216726 -0.692263 0.688333
-0.42426 0.545567 0.722745
0.342234 -0.294349 0.89232
-0.259019 0.463959 0.847143
0.141008 0.6737 0.725427
0.641187 -0.303682 0.704739
-0.659089 -0.441157 0.609083
0.052116 -0.0784366 0.995556
0.474599 0.678715 0.560448
0.563287 0.520407 0.641782
0.523165 -0.639192 0.563677
-0.120899 -0.616882 0.777715
-0.280131 -0.672932 0.684609
-0.241899 0.19465 0.950577
0.227435 -0.750358 0.620674
0.0514286 0.41601 0.907905
0.131976 -0.162709 0.977808
-0.433219 -0.693729 0.575379
0.353912 0.150484 0.923093
-0.308462 0.11036 0.944813
0.707233 0.313396 0.633723
0.114074 0.641049 0.758975
0.45505 -0.313238 0.833553
0.817204 0.135262 0.560251
0.518828 -0.452748 0.725145
-0.333654 -0.53466 0.776411
0.0363468 0.0909454 0.995192
-0.00593975 -0.478522 0.878055
0.50087 0.173371 0.847981
0.541245 -0.562697 0.624841
-0.309538 0.423943 0.851151
0.344138 -0.422673 0.838401
-0.345342 -0.0096103 0.938428
0.646431 -0.156559 0.746737
-0.433182 -0.534084 0.726021
-0.414545 -0.0601755 0.908037
-0.235311 -0.72205 0.650595
0.0231348 0.408945 0.912266
-0.43864 -0.425801 0.791384
-0.468259 -0.151781 0.870457
-0.131062 -0.0317389 0.990866
-0.233327 -0.0479483 0.971216
-0.0223959 0.0191373 0.999566
0.172663 0.221382 0.95978
0.177859 0.713962 0.677219
-0.513707 0.0102182 0.857905
-0.199025 -0.513585 0.834638
-0.0124244 0.0171445 0.999776
-0.700306 -0.451516 0.552905
-0.679693 0.311524 0.664056
-0.129061 -0.0202351 0.99143
-0.731604 0.251343 0.633705
0.447685 0.328288 0.831748
0.458087 0.290957 0.83994
0.0511891 0.267301 0.962253
0.853191 -0.0518612 0.519015
-0.579464 -0.24945 0.775884
0.192073 0.660927 0.725454
0.428637 -0.480213 0.765288
-0.081355 -0.174218 0.981341
0.380167 0.722342 0.577663
-0.538735 0.617908 0.572673
0.107358 -0.479064 0.87119
0.109219 -0.137609 0.984447
-0.0222352 0.543199 0.839309
0.225466 -0.52828 0.818587
0.432359 -0.0336799 0.901073
0.374293 -0.136121 0.917265
0.14445 0.520178 0.841754
0.230795 0.410698 0.882078
