0.714255 -0.0621658 0.69712
0.469951 0.589191 0.657267
0.638652 -0.308706 0.704858
-0.450713 -0.260496 0.853815
-0.0733034 -0.581074 0.810543
0.612316 0.45211 0.648588
0.265355 -0.794418 0.546339
-0.4174 -0.255537 0.872054
-0.617738 -0.268572 0.7391
-0.4385 0.187314 0.878995
-0.123709 0.0758792 0.989413
-0.524511 0.254227 0.812562
0.810376 0.0694101 0.581785
0.0428121 -0.302907 0.952058
0.108125 0.102866 0.988801
0.676371 0.285413 0.679015
-0.000410894 -0.00201582 0.999998
-0.0339288 -0.651762 0.757664
-0.540976 0.220251 0.811686
-0.286305 -0.135916 0.948449
0.55956 -0.349107 0.751676
0.0644299 -0.0203599 0.997715
0.391038 0.150279 0.908023
0.304196 -0.255474 0.917713
0.404425 -0.0330369 0.913974
-0.108123 -0.585461 0.803458
-0.539513 0.0753171 0.838602
-0.200496 0.0682414 0.977315
0.334727 -0.497182 0.80048
0.0952537 -0.854895 0.509981
0.196161 -0.372642 0.907005
-0.0100042 0.0363608 0.999289
0.75248 0.294865 0.588921
0.279709 -0.616564 0.735943
-0.0904615 0.498262 0.862294
-0.711964 -0.304237 0.632888
0.0405252 -0.223131 0.973946
-0.00632607 -0.00956206 0.999934
-0.0236505 -0.194887 0.98054
-0.345934 -0.00757659 0.938228
0.00332919 0.00958481 0.999949
-0.120021 -0.105594 0.98714
-0.38115 0.576638 0.722643
0.464033 -0.555344 0.690121
0.730914 -0.0794947 0.677824
-0.329154 -0.75729 0.564065
-0.523571 -0.289418 0.801318
0.604008 0.0587449 0.79481
0.146356 0.652286 0.743709
0.663731 0.29863 0.685771
0.525483 0.366327 0.767901
0.417774 -0.482743 0.769691
-0.507787 0.366955 0.779421
-0.77399 -0.252726 0.580576
0.632944 0.569244 0.524732
-0.165563 -0.0198192 0.986
-0.588828 -0.0204803 0.807999
-0.0543754 0.146999 0.987641
0.047877 -0.176733 0.983094
0.279886 0.383946 0.879914
0.252691 0.0475351 0.966379
-0.130367 0.148666 0.980256
0.355594 -0.228662 0.906238
-0.6444 0.0747893 0.761023
0.456684 -0.614456 0.643338
-0.242352 0.0774336 0.967093
0.00402362 0.00208404 0.99999
0.0685513 -0.685085 0.725231
-0.00101335 5.38924e-05 0.999999
-0.0945202 -0.14739 0.984552
-0.349129 0.562776 0.749261
-0.299733 -0.409093 0.86186
-0.726061 0.111608 0.678512
-0.0148451 -0.544036 0.838931
0.663642 0.080407 0.743716
0.607926 -0.1451 0.780623
-0.276169 0.563373 0.77868
0.354967 0.774021 0.524299
0.250099 0.352734 0.901682
-0.76071 -0.200596 0.617318
0.252912 -0.210023 0.944418
0.36294 -0.737133 0.570008
-0.0387899 0.302627 0.952319
0.518915 -0.199322 0.831263
-0.188223 0.780143 0.596614
0.0245394 -0.0227828 0.999439
0.502936 -0.39402 0.769288
-0.0493951 -0.0621426 0.996844
-0.321076 -0.205593 0.924468
0.32484 -0.282095 0.902719
-0.25189 0.104792 0.962065
-0.0361397 0.0735045 0.99664
-0.0424356 0.099471 0.994135
-0.24252 0.790737 0.562067
-0.0630429 -0.163228 0.984572
-0.182869 0.395074 0.900264
