0.490773 -0.0125847 0.871196
0.448763 0.614679 0.648676
0.387171 -0.0690159 0.919421
-0.0301597 -0.106374 0.993869
0.417471 -0.580878 0.698783
0.833646 -0.112593 0.540701
0.37184 -0.625829 0.685619
-0.675341 -0.203165 0.70897
-0.0148284 0.0857295 0.996208
-0.350223 -0.376724 0.857568
-0.181699 -0.429244 0.884723
0.615804 -0.319687 0.720129
-0.203103 -0.0341376 0.978562
-0.0727135 0.367371 0.927228
-0.469614 0.0967461 0.877555
-0.647964 -0.0910498 0.756209
-0.0591012 -0.564696 0.82318
-0.600355 0.477428 0.64159
-0.181214 -0.748954 0.637361
0.162772 0.00426436 0.986654
-0.0504661 -0.419721 0.906249
0.12055 -0.299872 0.946332
0.108572 0.120023 0.986816
-0.0732755 0.0287456 0.996897
0.213923 0.469214 0.856782
0.0263362 0.0220516 0.99941
-0.155589 -0.271989 0.949639
-0.16774 0.0898189 0.981731
0.14958 0.0864913 0.984959
0.807729 -0.194512 0.556541
0.00157012 0.000878397 0.999998
-0.00160791 0.00188816 0.999997
-0.248628 0.629018 0.73656
-0.815552 -0.169443 0.553322
0.0966425 0.457152 0.884122
-0.448592 -0.0830365 0.889871
-0.0916659 -0.0304596 0.995324
-0.721149 -0.425601 0.546633
0.00320283 0.0978173 0.995199
-0.708351 -0.469901 0.526718
-0.1568 0.152952 0.975715
-0.0291231 0.13614 0.990261
-0.00804407 0.084908 0.996356
0.233661 -0.404585 0.884146
-0.802534 0.201229 0.561646
0.293311 -0.231111 0.927662
-0.0175183 0.222061 0.974875
-0.0211757 0.0756121 0.996912
-0.157287 0.80892 0.566488
0.0164732 0.0518104 0.998521
-0.273934 0.689374 0.670614
0.348705 -0.481806 0.803908
-0.422382 0.410908 0.807928
-0.0455674 0.281699 0.95842
0.0173051 -0.0672125 0.997589
0.133878 0.0325677 0.990463
-0.480488 0.249402 0.840791
0.714491 -0.383538 0.585151
-0.770476 -0.392228 0.502517
0.204946 -0.123065 0.971006
-0.568926 -0.58668 0.576307
0.00354408 -0.00311732 0.999989
-0.122107 -0.710644 0.692875
-0.0626016 0.497637 0.865123
-0.280492 -0.723585 0.630674
0.26325 -0.306208 0.914842
-0.0638518 0.0256661 0.997629
-0.0344957 -0.0245889 0.999102
0.300722 -0.414694 0.858834
0.596175 0.321897 0.735498
0.26269 -0.156229 0.952148
-0.258429 -0.724495 0.639001
-0.4617 -0.0145718 0.886916
0.0267441 0.0137133 0.999548
0.558548 -0.168093 0.812262
-0.439061 0.140007 0.887482
0.493874 0.114114 0.862013
-0.827662 -0.0250272 0.560668
0.43553 0.437837 0.786519
-0.225374 -0.122261 0.966571
0.00289142 -0.108966 0.994041
-0.589785 0.0354199 0.806783
-0.457382 0.713973 0.530136
-0.166078 -0.303802 0.938148
0.098517 -0.698009 0.70928
0.611695 -0.0342036 0.790354
0.425296 -0.414828 0.804389
0.210259 0.160755 0.964339
0.608584 0.361963 0.706122
0.00213573 -0.000414681 0.999998
-0.420632 -0.183512 0.888477
0.773197 -0.14803 0.616648
-0.115276 -0.305029 0.945341
0.400494 -0.0195659 0.91609
0.0744228 -0.00509043 0.997214
0.00373942 0.461322 0.887225
