-0.69887 0.336535 0.63113
-0.227363 0.125487 0.965691
0.120153 -0.0238575 0.992469
0.514128 0.588664 0.623817
0.23895 -0.818363 0.522671
0.761959 -0.263053 0.591795
-0.179756 -0.231238 0.956147
0.0550953 0.622968 0.780305
-0.0945652 0.0139753 0.995421
0.0302095 0.460692 0.887046
0.319624 -0.691935 0.647354
0.395841 -0.525475 0.753118
-0.0496623 -0.0393647 0.99799
0.701962 0.479967 0.526196
0.00507884 0.197406 0.980309
-0.0730953 -0.197629 0.977548
-0.639764 -0.492603 0.589952
0.089183 -0.438149 0.894467
0.129558 -0.0610062 0.989693
0.287312 0.356207 0.889139
-0.0220467 -0.082347 0.99636
0.448636 0.278186 0.849317
0.38976 -0.519774 0.760212
0.047124 0.740136 0.670804
0.63077 0.45521 0.628421
0.777323 0.173944 0.604576
-0.0437907 0.0110965 0.998979
0.114088 -0.29131 0.949801
0.21253 -0.688696 0.693202
0.0622822 0.814694 0.576537
0.493896 0.626725 0.602729
-0.743161 -0.219569 0.632062
0.836936 0.190789 0.51297
0.202506 0.817204 0.5396
0.829331 -0.0595647 0.555574
0.00179721 -0.0758762 0.997116
0.145351 0.513595 0.845632
-0.0171913 0.0520165 0.998498
0.334703 0.311401 0.889384
-0.569425 -0.333892 0.75118
0.0418981 -0.126982 0.99102
-0.597001 0.15512 0.787101
0.0743941 0.098399 0.992362
-0.744159 0.0449542 0.666488
-0.0257247 0.0498878 0.998423
0.0308135 -0.843887 0.535635
0.17047 -0.827598 0.53481
-0.0500592 -0.697738 0.714602
-0.428711 -0.243291 0.870067
0.233005 0.183791 0.95495
-0.0314207 -0.415574 0.909016
0.38799 -0.0874108 0.917509
0.522725 0.324616 0.788278
-0.343541 -0.401154 0.84915
-0.680479 -0.253683 0.687454
0.620874 -0.107056 0.776566
0.59846 -0.00449738 0.80114
0.0960611 0.00641332 0.995355
-0.430428 -0.0450472 0.9015
0.0784533 -0.063353 0.994903
0.00906494 -0.00791719 0.999928
-0.11766 -0.169786 0.978432
-0.701407 -0.253646 0.666102
-0.0997637 0.224035 0.969461
0.259133 -0.114638 0.959014
-0.0360113 0.0266473 0.998996
-0.0099748 0.634643 0.772741
-0.231651 0.523361 0.820019
-0.744562 -0.207595 0.634454
0.354899 0.622576 0.697457
-0.0867341 0.322472 0.942597
-0.116078 0.605721 0.787164
-0.477488 0.467847 0.743723
-0.608348 0.232885 0.758734
-0.282763 0.451169 0.846459
-0.0582022 -0.643226 0.763461
0.124062 0.158383 0.979553
-0.54881 -0.0356785 0.835186
0.808256 0.050872 0.58663
-0.760458 0.393824 0.51634
0.584733 -0.0636922 0.808722
-0.123509 -0.374039 0.919152
0.262922 0.227695 0.937565
0.178254 -0.308305 0.934438
-0.0697899 0.0533072 0.996136
-0.770041 -0.378453 0.513625
0.121979 -0.143523 0.982101
0.586712 -0.0835511 0.805474
0.702818 0.381974 0.600119
0.623029 -0.441783 0.645494
0.599137 0.417954 0.682898
0.165123 -0.798084 0.579479
-0.222057 0.129957 0.966334
0.301998 -0.554364 0.77555
0.118389 0.666698 0.735866
-0.135188 0.50225 0.854089
