0.690205 0.0740624 0.719814
-0.58489 0.555361 0.591166
-0.757413 -0.327486 0.56487
-0.0335809 0.0848051 0.995832
0.167936 0.201775 0.964927
-0.096627 0.137257 0.985811
0.611453 0.604932 0.510081
-0.223793 -0.371305 0.901138
-0.171973 -0.259793 0.950228
-0.772034 -0.225896 0.594083
0.812974 -0.0751358 0.577432
0.234348 0.24207 0.941532
-0.24923 0.754381 0.607283
-0.295939 0.769479 0.56597
-0.798902 -0.188632 0.571116
0.193216 -0.267073 0.944108
-0.330595 0.798854 0.502533
-0.743755 -0.0936912 0.661854
-0.518776 -0.117278 0.846828
0.592022 -0.119077 0.797076
-0.659122 0.0232365 0.751677
0.315277 0.121773 0.941155
-0.542995 -0.552612 0.632278
0.174372 -0.748944 0.639279
-0.0945992 -0.202989 0.974601
0.0701802 -0.116919 0.990659
-0.463362 -0.128559 0.876794
-0.18594 -0.237337 0.953466
-0.271728 0.680619 0.680383
-0.12522 -0.320728 0.938857
-0.42498 -0.452847 0.783787
0.425605 -0.616945 0.661996
0.732015 -0.140788 0.666583
-0.199561 -0.362523 0.910358
0.357542 -0.616002 0.70193
-0.177314 -0.0465651 0.983052
-0.314751 0.746575 0.586138
-0.180612 0.794203 0.580191
-0.846275 0.0404777 0.531206
0.375174 0.0230928 0.926667
0.00931535 0.293212 0.956002
-0.0239141 -0.0638222 0.997675
-0.385752 0.181483 0.904577
0.128973 -0.058016 0.98995
0.266047 0.553079 0.789507
0.0775524 -0.222909 0.97175
0.124813 -0.826909 0.548309
-0.374637 -0.732345 0.568611
0.00424099 0.0227469 0.999732
-0.175616 -0.700281 0.691929
0.480343 0.694327 0.535892
0.0261635 -0.278659 0.960034
-0.779694 -0.255496 0.571663
0.160683 -0.0679817 0.984662
-0.18201 -0.294969 0.938012
0.576249 -0.483791 0.658699
-0.23045 -0.299117 0.925971
0.131892 0.116926 0.984344
0.567145 -0.418628 0.709293
-0.429366 -0.128733 0.893909
-0.616054 -0.126358 0.777503
0.30841 0.612751 0.727612
0.0691225 -0.329045 0.941781
-0.0102273 -0.293975 0.955758
0.326422 -0.309322 0.893179
0.243745 -0.326691 0.91316
-0.690159 -0.179488 0.701045
-0.226978 -0.750141 0.621104
-0.697968 0.426873 0.574997
-0.157296 -0.446835 0.880679
-0.167291 -0.25893 0.951298
-0.13201 -0.496145 0.858145
-0.15146 0.0317776 0.987952
0.309688 0.477859 0.822037
0.227236 0.464834 0.855742
0.356957 -0.133318 0.924558
-0.008735 -0.138189 0.990367
0.760686 -0.181163 0.623328
-0.825118 -0.0286147 0.564236
0.63923 0.00148529 0.769015
-0.248649 -0.175126 0.95263
0.151441 -0.508103 0.847878
-0.810305 0.123088 0.572936
-0.698901 0.123606 0.704457
0.429565 -0.17671 0.885577
0.278597 -0.370798 0.885942
-0.0740922 0.860431 0.504151
-0.0984622 -0.564279 0.819692
-0.250557 -0.103147 0.962591
0.160518 0.369465 0.915276
-0.0262687 0.0463876 0.998578
-0.230071 0.166927 0.95875
0.627665 -0.066424 0.775645
-0.0276998 -0.319746 0.947098
0.129468 0.164264 0.977883
0.169717 0.824501 0.539809
