-0.0661321 0.234364 0.969897
0.316205 -0.0846641 0.944905
0.188214 0.393985 0.899639
-0.18059 0.525479 0.83142
-0.071337 0.114381 0.990872
-0.085876 0.41147 0.907369
0.164722 0.184835 0.968867
-0.174973 0.099253 0.979558
0.46128 -0.591053 0.661723
-0.239078 -0.168985 0.956183
-0.157944 -0.126299 0.979338
0.450816 0.388999 0.803396
-0.121345 -0.280769 0.952074
-0.375651 -0.396836 0.837501
-0.819881 0.236465 0.52142
-0.00673323 -0.0347794 0.999372
-0.473169 -0.605356 0.640043
-0.0978433 -0.749787 0.654406
0.176608 -0.166884 0.970031
-0.424847 0.304813 0.852405
0.0277632 0.0091266 0.999573
0.210884 0.528764 0.822154
-0.0143851 0.0458777 0.998843
-0.208608 -0.109648 0.971833
0.0772812 0.0299994 0.996558
-0.111319 0.00969845 0.993737
0.21157 0.0110884 0.9773
-0.00622665 0.026192 0.999638
0.398239 0.626496 0.670006
-0.0838144 -0.0292905 0.996051
0.0260256 0.259772 0.965319
-0.00277255 0.0876922 0.996144
-0.556264 -0.302682 0.773921
-0.682131 0.323873 0.655595
-0.601934 -0.0674742 0.79569
0.473749 -0.297304 0.828958
-0.247137 -0.573494 0.781043
0.328206 -0.659749 0.676027
0.046695 -0.0331085 0.99836
0.0984926 -0.525498 0.845074
0.0913362 -0.109501 0.989781
0.264116 0.377361 0.887604
-0.462494 -0.343936 0.817195
-0.177392 -0.601831 0.778673
0.118909 0.238739 0.963776
0.648879 0.151209 0.745716
-0.115209 -0.144314 0.982802
-0.267813 0.103627 0.957882
-0.237588 0.585034 0.775427
0.466941 -0.182709 0.865207
-0.221287 -0.0404663 0.974369
0.130359 0.475949 0.869758
-0.745027 0.418531 0.519391
0.0597488 0.370266 0.927002
0.464007 -0.0444574 0.884715
-0.583501 0.4155 0.697773
0.0978948 -0.23339 0.967443
0.0283419 -0.0460181 0.998538
-0.57378 0.138212 0.807263
-0.227641 0.743263 0.629078
-0.224326 -0.338529 0.913825
-0.747336 0.194623 0.635304
-0.703671 -0.315367 0.636703
0.18444 -0.68094 0.708733
0.00863901 -0.175577 0.984428
0.319385 0.222434 0.921149
-0.592341 0.0593726 0.803497
0.49318 0.43377 0.754067
-0.18841 0.781968 0.594162
0.112179 0.120666 0.986334
0.00664039 0.0904762 0.995876
-0.00774875 -0.00173325 0.999968
-0.0286911 0.247167 0.968548
-0.750629 0.209209 0.626727
0.227609 -0.588084 0.776113
-0.749859 -0.190797 0.633488
0.0729805 -0.7921 0.606013
0.348462 -0.128247 0.928508
-0.488329 0.592022 0.641128
0.423958 -0.394458 0.815269
0.264509 -0.0133736 0.96429
0.190625 -0.240494 0.951748
-0.0969353 0.615742 0.781962
-0.358549 0.730982 0.58061
0.0443032 0.212357 0.976187
-0.122986 0.251769 0.959941
-0.152592 -0.199704 0.967902
-0.810473 0.228235 0.539484
0.682725 -0.398041 0.612739
0.168223 0.388074 0.906145
-0.0336387 0.000357001 0.999434
-0.238657 -0.055844 0.969497
-0.16212 0.451814 0.877258
0.297369 0.72398 0.622435
0.646641 -0.134519 0.75084
-0.102592 -0.531582 0.840771
