-0.372019 0.567124 0.734828
0.742101 0.0904413 0.664159
0.529189 0.38562 0.755815
0.0550136 0.0387857 0.997732
0.444149 -0.330683 0.832695
0.0971536 0.0760113 0.992363
-0.0739127 -0.0116315 0.997197
-0.0448974 -0.166489 0.985021
-0.0301328 -0.0831926 0.996078
-0.269716 0.422333 0.865383
0.259772 0.473822 0.841434
-0.0984095 -0.0193694 0.994957
-0.156378 0.386629 0.90888
-0.816251 -0.28436 0.502865
0.554498 0.133096 0.821473
-0.179734 -0.703475 0.687618
-0.0747674 0.316789 0.945545
-0.14344 0.329013 0.933368
0.00290028 -0.0289108 0.999578
0.354588 0.207217 0.911772
-0.0345685 -0.241507 0.969783
0.511345 0.312199 0.800661
0.0783166 0.0154524 0.996809
-0.0629984 0.273949 0.959679
0.462879 0.71207 0.52792
0.56552 0.519554 0.640508
0.212012 -0.128893 0.96873
0.452884 -0.492594 0.743134
-0.603534 0.221702 0.765895
-0.347399 0.0637609 0.935547
0.37022 -0.587246 0.719777
0.261693 0.536798 0.8021
-0.643606 -0.331303 0.689935
0.165686 0.817758 0.551199
0.509655 0.416108 0.753064
0.45377 0.193018 0.869964
-0.464908 -0.117569 0.877518
-0.467687 0.193876 0.862369
-0.151504 -0.256682 0.954548
-0.625816 0.478904 0.615634
-0.345609 -0.268181 0.899241
0.127844 0.573857 0.808915
-0.632295 -0.456669 0.625824
0.03122 -0.437431 0.89871
-0.399151 -0.0137139 0.916783
-0.0470333 0.0436232 0.99794
-0.411708 -0.24283 0.878368
-0.305872 0.056524 0.950393
-0.033263 -0.0342433 0.99886
0.509728 0.617935 0.59861
0.324684 0.22242 0.919299
-0.433599 0.655386 0.618434
0.374722 0.606554 0.701196
0.85082 0.0408568 0.523866
-0.160139 -0.569192 0.806459
-0.0475734 -0.282186 0.95818
-0.0697955 -0.039032 0.996797
0.000760108 0.342594 0.939483
-0.692866 -0.484139 0.534365
0.420463 0.191374 0.886897
0.0882825 0.00210952 0.996093
0.0777634 0.336828 0.93835
0.370441 -0.776002 0.510484
0.106517 -0.153934 0.982323
-0.738915 0.199093 0.643713
-0.338734 -0.50431 0.794311
0.128551 -0.200145 0.971296
0.256354 -0.716842 0.648399
-0.132067 -0.470951 0.872217
-0.109408 0.150007 0.982613
0.340191 0.53484 0.773445
0.757046 -0.348888 0.552411
-0.238119 0.457818 0.856564
-0.0707112 0.772408 0.631178
-0.54558 0.141024 0.826108
0.608293 0.19189 0.770167
0.591351 0.564377 0.576006
-0.0186905 -0.409687 0.912035
0.300649 0.792135 0.531161
-0.152369 0.319727 0.935178
-0.65499 0.266258 0.707174
-0.513971 -0.557955 0.651552
0.0725892 0.166007 0.983449
-0.233076 -0.755905 0.611788
0.567847 0.47806 0.670081
0.0244629 0.633535 0.773327
-0.0333853 -0.000574391 0.999442
-0.294853 0.159788 0.942088
-0.333055 0.15223 0.930538
-0.264352 -0.207789 0.941776
-0.0982359 0.00513157 0.99515
-0.0263538 -0.815119 0.578694
-0.0919283 -0.478247 0.873401
0.324151 -0.36137 0.874264
0.523717 0.474398 0.707578
-0.778768 -0.0369927 0.62622
