0.673892 -0.304036 0.673373
-0.135936 -0.132304 0.981844
-0.154643 -0.502421 0.850681
0.557777 0.0113711 0.829913
-0.672812 0.258399 0.69322
-0.322566 -0.264732 0.908773
0.0192739 0.102509 0.994545
-0.0117374 -0.723335 0.690397
-0.329082 -0.0798221 0.940922
-0.000769636 0.656024 0.75474
0.275147 0.282266 0.919032
0.515288 0.602257 0.609726
-0.35352 0.243653 0.903137
0.0505612 0.805329 0.590667
-0.497287 0.650422 0.574158
0.560431 0.119494 0.819535
0.0603629 0.291835 0.954562
0.418336 -0.0147994 0.908172
-0.0495671 0.0445914 0.997775
-0.755318 0.373796 0.538304
-0.159261 0.817092 0.554073
0.418353 -0.463978 0.780836
-0.108733 -0.787832 0.606216
-0.728254 0.0652489 0.682194
-0.401197 -0.301888 0.864815
-0.327506 0.249235 0.911385
0.0272993 0.418076 0.908002
0.0967858 -0.0527073 0.993909
-0.647561 0.054637 0.760052
-0.209772 0.06871 0.975333
-0.474367 0.633456 0.611318
-0.553344 0.0886611 0.828221
0.178406 0.224027 0.958114
-0.692167 0.0969387 0.715198
0.0585948 -0.030782 0.997807
-0.591378 0.14087 0.793995
0.190147 0.649592 0.736121
-0.519014 0.177528 0.836127
-0.136413 0.847448 0.513053
0.125826 -0.501099 0.856194
-0.133576 -0.20072 0.970499
-0.809034 0.164733 0.564205
0.27204 0.499558 0.822458
0.0822012 0.0280141 0.996222
0.435044 -0.239203 0.868055
0.0229324 -0.284208 0.958488
0.29042 0.278523 0.915468
0.0730213 -0.010062 0.99728
0.175319 -0.184681 0.967035
-0.183551 -0.181954 0.966024
-0.112004 -0.113931 0.987155
0.319705 -0.20134 0.925879
-0.680172 -0.421103 0.600032
-0.00117178 -0.00299513 0.999995
0.0322583 0.0358643 0.998836
0.797161 0.186714 0.57417
-0.751788 0.15598 0.640691
0.0699929 0.544521 0.835821
-0.0601435 -0.81764 0.57258
0.240928 0.132433 0.961465
0.71758 0.474349 0.509972
0.207059 0.0481724 0.977142
0.423862 0.0713306 0.902914
0.809391 0.0638509 0.583789
0.820799 0.231453 0.522225
0.0323644 -0.622454 0.781987
0.352595 -0.274671 0.894557
0.190374 -0.151982 0.969876
0.403157 0.150688 0.902639
-0.410396 0.23181 0.881952
-0.402976 -0.631511 0.662423
0.476738 0.244198 0.844446
-0.191286 -0.495202 0.847458
0.715401 -0.0134884 0.698584
-0.246632 0.0776738 0.965991
0.2491 -0.316239 0.915392
-0.030387 -0.0933685 0.995168
-0.691655 -0.0654831 0.719253
-0.461515 -0.714849 0.525352
-0.0184975 -0.0322279 0.999309
0.236489 0.00380109 0.971627
0.396175 -0.711804 0.579983
-0.542284 -0.407171 0.734942
-0.325263 0.635349 0.700383
-0.18168 0.443395 0.877721
-0.189098 0.095399 0.977313
0.602383 -0.489455 0.630531
0.238018 -0.375477 0.895748
-0.357739 -0.6738 0.646542
0.180433 0.0285016 0.983174
-0.103117 -0.52368 0.845651
-0.548504 0.12358 0.826965
-0.36719 -0.0216494 0.929894
0.185544 -0.351832 0.91749
-0.734887 0.336596 0.588765
0.0211174 -0.228173 0.973391
