-0.539558 -0.246705 0.804993
0.379659 0.424425 0.822023
-0.776757 -0.239715 0.582395
0.688204 -0.314566 0.653777
-0.719333 0.344705 0.603107
0.333697 -0.375725 0.864568
-0.596876 0.343314 0.725172
0.0351686 -0.181784 0.982709
0.465983 0.674539 0.572587
0.375989 0.122489 0.918493
0.332109 -0.615072 0.715116
-0.0496815 -0.300427 0.95251
0.00389911 -0.00166015 0.999991
0.739371 -0.343575 0.57904
-0.126495 -0.340794 0.931589
-0.600705 0.199747 0.774115
-0.389147 -0.510398 0.76685
0.258284 -0.0923495 0.961645
0.0145037 0.00691546 0.999871
0.132348 -0.139711 0.981308
-0.418281 0.526646 0.740058
-0.472762 0.574364 0.668283
0.36491 0.117456 0.923604
0.766132 -0.0115756 0.642579
0.176015 0.271035 0.94634
0.0478162 -0.010383 0.998802
-0.226032 -0.202374 0.952866
0.262192 -0.216328 0.940456
-0.099397 0.266775 0.95862
-0.546684 -0.391278 0.740296
0.25807 0.291119 0.921222
0.0468619 -0.168879 0.984522
0.0814616 -0.776852 0.624392
0.159601 -0.482395 0.861291
-0.12434 0.0301426 0.991782
-0.420747 0.707182 0.568212
0.120336 -0.316498 0.94093
-0.235251 -0.164292 0.957948
0.848976 0.0362932 0.527183
-0.516698 0.19161 0.834451
-0.746862 0.40941 0.524005
-0.0543592 0.150236 0.987155
-0.322587 -0.0787557 0.943258
-0.265267 0.348941 0.898818
-0.0507318 0.713039 0.699287
-0.164291 0.528966 0.832589
-0.148129 0.302258 0.941646
-0.801933 -0.256365 0.539611
0.336324 -0.399558 0.852783
-0.595552 -0.496963 0.631146
0.00448329 -0.00592379 0.999972
0.107906 -0.0913056 0.989959
0.684534 0.310498 0.659548
-0.218662 0.701064 0.678747
0.211514 0.688476 0.693731
0.427657 0.181797 0.885471
-0.254741 -0.694614 0.672769
0.597557 -0.11951 0.79287
0.00126799 -0.709672 0.704531
-0.0524791 -0.461786 0.885437
-0.217264 0.265242 0.939384
0.0242427 -0.0753577 0.996862
0.401317 -0.10044 0.910416
0.280041 -0.700824 0.656066
-0.00890139 0.111176 0.993761
0.0627345 -0.306457 0.949815
0.842788 0.0169461 0.537978
-0.055281 -0.0783458 0.995392
0.251899 -0.691201 0.677339
-0.34404 0.0446194 0.937894
-0.380239 -0.775504 0.503996
0.0242575 -0.849557 0.526939
0.402378 -0.411582 0.817736
-0.767766 -0.275649 0.578406
0.00773777 0.21154 0.977339
0.0201154 -0.181204 0.98324
-0.0462811 -0.040607 0.998103
0.390672 0.411797 0.823285
-0.287376 0.268461 0.919426
0.00850144 -0.0719232 0.997374
-0.661608 -0.103018 0.74274
-0.0777581 -0.22173 0.972003
0.0911303 0.712341 0.695892
-0.640995 -0.448371 0.622967
0.434929 0.677088 0.593623
-0.0335301 -0.101656 0.994254
0.496184 0.670471 0.551607
-0.52572 -0.22275 0.820976
0.537873 0.0917071 0.838023
-0.317117 -0.0757738 0.945354
0.0477981 -0.0486751 0.99767
0.538517 0.258826 0.801878
0.275986 0.432471 0.858371
0.0103963 0.106525 0.994256
0.0114227 -0.011356 0.99987
-0.095313 0.098161 0.990596
