-0.168796 -0.118347 0.97852
0.849812 -0.0848561 0.52021
0.276738 -0.768816 0.576488
-0.036687 -0.0671591 0.997068
-0.528147 -0.570116 0.629308
0.0580737 -0.0147091 0.998204
-0.36491 -0.173734 0.91469
-0.128296 -0.0833119 0.98823
-0.274302 0.111628 0.955143
0.765059 0.237189 0.598686
-0.411409 -0.300625 0.860446
0.0400116 0.0211327 0.998976
-0.553148 -0.334833 0.762833
0.267289 -0.5352 0.801322
0.308425 -0.00683607 0.951224
0.563494 0.49208 0.663575
0.170756 0.504703 0.846237
0.64884 0.385574 0.656003
-0.596423 -0.341034 0.726619
-0.291216 0.172913 0.940901
0.479562 -0.00678807 0.877482
-0.489374 -0.179199 0.853464
-0.785597 0.364329 0.500102
0.111108 0.159195 0.980975
-0.268873 -0.0627424 0.96113
-0.325671 -0.0492223 0.944201
0.133767 -0.592101 0.794684
0.659311 0.435213 0.613106
0.225433 -0.089064 0.970179
-0.000413176 -0.00181114 0.999998
-0.0763911 -0.815139 0.574206
-0.128376 -0.117922 0.98469
0.375442 0.101927 0.921224
-0.580914 0.218756 0.784019
0.523598 0.478194 0.705107
0.372105 -0.242635 0.895916
0.0418828 0.0554819 0.997581
0.398673 -0.0102108 0.917037
-0.0258592 -0.0328827 0.999125
0.0259415 -0.423625 0.905466
0.0134245 -0.836725 0.547458
0.025805 -0.824559 0.565186
-0.0546301 -0.0136445 0.998413
-0.107841 -0.0399415 0.993365
-0.027382 -0.275673 0.960861
-0.433241 -0.717085 0.545978
-0.120579 -0.0938694 0.988256
-0.236658 0.747092 0.621166
-0.2241 -0.174168 0.958877
0.276585 -0.0529729 0.959528
-0.0961075 0.415392 0.904551
0.393277 0.539855 0.744238
-0.11424 -0.0582788 0.991742
-0.235717 -0.0555384 0.970233
-0.298717 0.127764 0.945751
0.0149881 0.000880404 0.999887
-0.0962959 -0.331719 0.938451
-0.111602 0.041181 0.992899
-0.0409373 -0.0101565 0.99911
0.223793 -0.186414 0.956643
-0.265774 0.0219079 0.963786
-0.627158 -0.156378 0.763033
0.0241344 0.555422 0.831218
0.0905991 0.209005 0.973709
0.608789 -0.34315 0.715279
-0.00996456 -0.0262112 0.999607
0.189195 -0.504554 0.842396
-0.719443 -0.337524 0.607025
-0.277216 -0.0786762 0.957581
-0.627709 -0.25964 0.733873
-0.0916198 -0.0555883 0.994241
0.0133925 -0.0333552 0.999354
0.489168 -0.493797 0.718943
-0.822761 0.10102 0.559338
-0.686045 -0.296548 0.66438
-0.00233076 0.0507698 0.998708
-0.38449 0.199225 0.901375
0.698204 -0.179294 0.693084
0.308939 -0.581304 0.752756
0.630516 -0.414515 0.656222
0.0396187 0.722987 0.689725
0.137965 0.0823446 0.987008
0.0166803 -0.0173493 0.99971
-0.725444 -0.174304 0.665845
0.254251 -0.171425 0.951825
-0.0301849 -0.253183 0.966947
-0.228969 -0.265167 0.936622
0.518316 -0.668979 0.532743
0.420801 -0.29106 0.859191
0.0157951 -0.0190167 0.999694
-0.0352259 -0.219811 0.974906
-0.851216 -0.150001 0.502923
0.18095 -0.436708 0.881217
-0.729641 0.125513 0.672213
0.0219842 0.00730766 0.999732
-0.0273678 -0.388674 0.920969
