0.556075 0.488736 0.672248
-0.164179 0.0774389 0.983386
-0.427857 -0.385676 0.81743
0.240068 -0.404554 0.882442
-0.151488 -0.754112 0.639036
-0.294897 -0.376369 0.878284
-0.310851 0.0516212 0.949056
0.32534 0.178591 0.928579
0.804189 0.156483 0.573405
-0.239555 -0.0520204 0.969488
0.187658 0.45885 0.86847
0.120108 0.638867 0.759884
0.282957 -0.0486123 0.9579
-0.0247939 0.0714429 0.997136
0.196376 0.0399004 0.979716
-0.463165 0.0628511 0.88404
0.0537119 -0.0216985 0.998321
-0.0605928 -0.0473764 0.997038
-0.188414 -0.501191 0.844576
6.33854e-06 -0.00362596 0.999993
-0.0185271 -0.000585577 0.999828
0.726751 0.117645 0.676751
-0.100348 0.0150657 0.994838
-0.731945 0.296567 0.613437
0.0321983 -0.0814038 0.996161
0.475899 0.389715 0.788443
-0.611268 0.473206 0.634372
0.344207 0.188167 0.919845
0.109141 -0.0527945 0.992623
0.11262 -0.678453 0.725961
0.171208 0.00689535 0.985211
-0.3896 0.0568094 0.91923
-0.645349 0.0612767 0.761426
-0.319016 0.578933 0.750377
0.105341 0.0353806 0.993807
-0.00683572 -0.703598 0.710565
0.16552 -0.664004 0.729179
0.396097 -0.564546 0.724151
0.645786 -0.361202 0.672676
-0.0229861 -0.124921 0.9919
0.131176 0.0299544 0.990906
0.763489 0.128274 0.632953
-0.0605954 0.311916 0.948175
-0.782847 -0.0624774 0.619069
0.608166 0.330621 0.721681
-0.045577 -0.5683 0.821558
-0.309979 -0.123524 0.942685
-0.125813 -0.491527 0.861726
-0.270006 0.492257 0.827515
0.800327 0.0180552 0.599291
-0.0506122 0.450566 0.891307
-0.484637 -0.561949 0.670329
0.175167 -0.72129 0.670118
0.276814 0.54328 0.792604
-0.0831197 0.509063 0.856706
0.213822 -0.191994 0.95782
-0.712863 0.376516 0.59166
-0.0169608 -0.583372 0.812028
-0.719067 0.480949 0.501628
-0.119113 -0.740125 0.661836
0.357824 -0.162573 0.919528
0.0046632 -0.000695036 0.999989
0.628593 0.0535415 0.775889
0.585281 0.216916 0.781277
0.0720822 0.578989 0.812143
0.102088 0.497793 0.861266
0.676006 0.291023 0.676995
0.334908 0.0342775 0.941627
-0.325454 0.687939 0.648706
0.59546 0.322896 0.735639
-0.621244 -0.0776495 0.77976
0.0169974 0.0174199 0.999704
-0.203908 -0.625339 0.753242
-0.346194 -0.147076 0.926563
-0.397355 -0.195762 0.896541
0.51258 -0.152092 0.845062
0.0320241 0.358485 0.932986
0.570071 0.0478394 0.820202
0.396708 0.308504 0.86455
-0.33429 0.0795505 0.939107
-0.305134 -0.459115 0.83433
0.0412971 -0.0265372 0.998794
-0.113513 0.0902847 0.989426
-0.573195 0.484475 0.660856
0.0680943 -0.0364515 0.997013
-0.107638 -0.472622 0.874667
-0.0141587 0.0910664 0.995744
0.839066 -0.214361 0.500018
0.0299205 -0.0197686 0.999357
0.485717 -0.221796 0.845509
0.288484 0.188959 0.938654
0.263051 -0.510233 0.81882
0.343492 0.133859 0.929567
-0.283261 0.233304 0.930232
0.780489 0.194851 0.594029
-0.120351 0.29551 0.947729
