-0.110428 -0.460196 0.880923
-0.210848 -0.128309 0.969061
0.751753 0.115341 0.64928
-0.464227 -0.138116 0.874882
0.688089 0.398455 0.606438
-0.00120506 0.0683312 0.997662
0.563455 0.122698 0.816984
0.0215677 0.0905306 0.99566
0.0469881 0.0471322 0.997783
0.0492053 -0.111424 0.992554
-0.159614 0.50677 0.847176
-0.413521 0.470017 0.779798
-0.107251 -0.133869 0.985178
0.128524 0.808002 0.57499
-0.284815 -0.33302 0.898876
-0.214097 -0.026144 0.976462
-0.448667 -0.340386 0.826339
0.360021 -0.450182 0.817142
0.03433 -0.147338 0.98849
-0.486063 0.188547 0.853342
-0.477211 -0.393719 0.785656
-0.0789421 0.0410559 0.996033
0.31424 -0.627541 0.712352
0.026194 -0.861628 0.506863
-0.524607 -0.467642 0.711407
-0.481668 0.472443 0.738101
0.160125 -0.315721 0.935244
0.05046 -0.0394148 0.997948
-0.459571 -0.501095 0.733279
-0.276944 -0.160859 0.947326
-0.177216 -0.818473 0.546531
-0.738549 0.32357 0.591479
0.149106 0.841679 0.518984
0.216832 0.0495283 0.974952
-0.254605 0.628011 0.735376
0.613834 -0.393397 0.684431
-0.587905 -0.515218 0.623633
-0.110951 -0.343967 0.932404
-0.755612 -0.149553 0.637718
0.324663 -0.276614 0.904477
-0.0149793 -0.843189 0.537408
0.357618 -0.195038 0.913274
-0.129621 -0.443695 0.886754
0.374775 -0.321267 0.869673
0.168185 0.723439 0.669589
-0.0765982 0.0995938 0.992075
-0.00697351 0.0383382 0.99924
0.374764 0.311565 0.8732
0.210029 0.0588278 0.975924
0.603113 0.411859 0.6831
-0.341911 -0.521345 0.781854
-0.440021 0.269968 0.856446
0.253436 0.26985 0.928951
0.415622 0.241275 0.876952
-0.453947 -0.648113 0.611459
-0.0684447 -0.758777 0.647744
0.377204 -0.639179 0.670199
0.112418 -0.375932 0.919803
-0.168893 0.83121 0.529684
-0.519828 -0.394831 0.757554
0.0671184 -0.720703 0.689987
-0.501347 -0.490843 0.712547
-0.0710214 -0.66361 0.7447
-0.424874 0.401192 0.811496
-0.819571 -0.00533967 0.572953
-0.327527 0.583133 0.743426
0.0428856 -0.0754477 0.996227
-0.841593 0.177653 0.510059
-0.204402 -0.286543 0.936009
-0.220647 0.0389462 0.974576
-0.558113 -0.533802 0.635268
0.0308309 0.162266 0.986265
-0.489837 0.688881 0.534325
0.493605 -0.0710214 0.866781
0.0285687 -0.0977539 0.9948
-0.737573 0.392651 0.549373
-0.651601 -0.230026 0.722845
0.00844779 0.012056 0.999892
-0.00834118 0.00447902 0.999955
-0.465699 0.247088 0.849748
-0.27079 -0.57726 0.770353
0.542288 -0.398942 0.739438
0.100989 -0.673344 0.732399
-0.351503 0.702159 0.619208
-0.212692 -0.641772 0.736811
0.311629 -0.446556 0.838734
-0.599306 -0.566032 0.566075
-0.0601384 0.517665 0.853467
0.345381 -0.392048 0.852649
-0.373293 0.66989 0.641794
-0.0467631 0.355005 0.933694
0.00418833 -0.0138694 0.999895
0.380947 0.620008 0.685908
0.0194646 0.0312406 0.999322
0.449938 0.633666 0.629304
0.163812 0.668679 0.725282
