0.516869 -0.608833 0.601805
0.0336552 0.108555 0.993521
0.44508 -0.638998 0.627363
0.196782 -0.53475 0.821778
0.427394 -0.0496017 0.902704
0.0637756 -0.457654 0.88684
-0.424286 0.538526 0.727991
-0.386317 -0.476417 0.789801
0.705678 -0.498837 0.50317
-0.700632 -0.346124 0.623949
-0.0623284 0.281189 0.957626
0.356302 0.469351 0.807935
0.020054 0.13388 0.990795
0.512684 0.693836 0.505714
0.0252314 -0.590542 0.806613
-0.397864 -0.542016 0.740218
0.00507765 -0.338865 0.940821
-0.279729 -0.456039 0.844855
-0.631673 0.525027 0.570383
0.107849 0.206585 0.972467
0.0108321 0.00356638 0.999935
0.359276 -0.36639 0.8583
0.433005 0.248146 0.866562
0.441212 -0.0848478 0.893383
-0.462506 0.201471 0.863422
-0.153556 -0.0495626 0.986896
-0.227088 0.150925 0.962109
-0.126149 0.407513 0.904444
0.277354 0.811163 0.514869
-0.160612 -0.350758 0.92259
-0.0221524 -0.0655035 0.997606
-0.36625 -0.751355 0.548933
0.18838 -0.250913 0.949503
-0.0204496 -0.00217315 0.999789
0.429859 -0.154472 0.889584
0.0238605 0.0145264 0.99961
0.0422454 0.197306 0.979431
-0.412358 -0.693566 0.5907
-0.352605 0.039869 0.934923
-0.0272932 -0.273978 0.961349
-0.221603 0.344668 0.912193
-0.0272287 0.314028 0.949023
0.0962297 0.375498 0.921814
0.0257821 0.00556337 0.999652
0.0144253 0.0687564 0.997529
0.393633 0.741133 0.543851
1.43484e-05 0.00069366 1
-0.237335 0.522243 0.819106
0.794597 0.149289 0.588496
0.763593 -0.384237 0.518929
-0.0131803 -0.00650755 0.999892
-0.372835 0.595189 0.71186
0.324101 0.363164 0.873539
-0.22267 -0.438015 0.870954
0.432017 0.26492 0.862078
0.135068 -0.212109 0.967867
0.7658 0.277538 0.580106
-0.171171 -0.0549048 0.98371
0.023114 0.145917 0.989027
0.388076 -0.766457 0.511801
-0.0342829 0.297143 0.954217
0.240126 0.815095 0.527218
0.687542 -0.327054 0.648322
-0.618449 0.534325 0.57621
0.0811335 0.41111 0.907968
0.0308604 -0.0410964 0.998678
-0.81521 0.0598698 0.576063
0.663938 -0.254002 0.703328
0.657305 0.0183477 0.753401
0.483187 0.424262 0.765853
-0.146361 0.253308 0.95625
-0.0732937 0.219798 0.972788
-0.126897 -0.149909 0.980523
-0.325911 0.127737 0.936731
0.319023 -0.391066 0.863303
-0.593946 0.411941 0.691038
0.596732 0.518369 0.61254
0.139359 -0.503782 0.852516
0.775763 0.0765503 0.626364
0.248782 0.802212 0.542737
0.799213 -0.298269 0.521819
0.187672 -0.148641 0.97092
0.435724 -0.318895 0.841695
0.180273 0.0266014 0.983257
-0.370579 -0.633999 0.678762
0.574929 -0.117394 0.809738
0.219207 -0.0601191 0.973824
-0.0855844 -0.129332 0.987901
0.0169115 0.00120775 0.999856
0.153801 -0.849737 0.504273
0.626052 -0.312988 0.714211
0.154483 0.0698434 0.985524
-0.160571 -0.595602 0.787068
0.0824648 0.023975 0.996306
0.19452 -0.103434 0.97543
-0.288981 -0.672049 0.681792
