0.321515 0.41147 0.852831
0.243235 -0.193021 0.950568
0.3394 0.759901 0.5544
0.209731 -0.554662 0.80521
-0.245683 0.172501 0.953878
0.240473 0.470733 0.848872
-0.218937 0.46662 0.856932
0.134266 -0.444405 0.885707
0.0351856 0.637654 0.769519
-0.140154 0.606375 0.78273
0.220381 0.684306 0.695095
0.227722 -0.207378 0.951387
-0.20057 -0.436095 0.877264
-0.633323 0.15418 0.758374
0.742742 -0.00262709 0.669573
0.120102 -0.459759 0.879885
0.419295 -0.105593 0.901689
0.171778 0.527538 0.831983
-0.315894 0.358486 0.878464
0.0135873 -0.0169203 0.999765
-0.0678528 -0.105066 0.992148
0.621276 -0.132758 0.772263
0.395014 -0.3083 0.865399
-0.579467 0.579665 0.572893
0.741156 0.374767 0.55699
-0.128218 -0.350093 0.927898
0.0873673 0.0723963 0.993542
-0.0110934 0.167662 0.985782
-0.0911597 0.251743 0.963491
0.370087 0.209449 0.905078
-0.766707 0.239845 0.595513
0.0786554 0.35284 0.932372
-0.855443 -0.0895556 0.510094
0.0408492 -0.463348 0.885234
0.562601 -0.58751 0.581647
0.0537184 0.851457 0.521666
0.044115 -0.108901 0.993073
-0.555604 -0.636325 0.535159
0.672665 0.420405 0.608919
-0.154095 0.0970472 0.983278
0.430907 -0.398179 0.809798
0.363404 0.616511 0.698463
0.553507 -0.498326 0.667308
-0.801047 0.1129 0.587859
-0.109263 -0.267475 0.95735
-0.295225 -0.783359 0.546983
-0.0544168 0.00409481 0.99851
0.809945 0.272716 0.519244
0.0831147 0.437684 0.895279
-0.0290645 0.0942575 0.995123
0.536227 0.151112 0.830437
0.446339 0.179243 0.876729
-0.0742548 0.196173 0.977754
0.231296 0.605815 0.761243
0.725099 -0.0653339 0.685539
-0.0169103 -0.203034 0.979026
-0.124021 -0.0460779 0.991209
0.270935 -0.730708 0.626626
0.0739428 -0.357311 0.931054
0.000510041 -0.000431738 1
-0.27877 0.754453 0.594213
-0.347327 -0.515882 0.78309
-0.0739791 0.728715 0.68081
0.00814855 -0.0291341 0.999542
-0.0785028 0.646159 0.759155
0.338458 0.199718 0.919543
0.57536 -0.40048 0.713145
0.107079 -0.753441 0.648738
0.326828 -0.404763 0.85402
-0.0175769 -0.604382 0.796501
-0.709947 -0.409746 0.572786
0.31212 -0.465635 0.82811
-0.566833 0.104031 0.817238
-0.373202 -0.266009 0.888797
-0.601478 -0.0894225 0.793869
-0.246983 0.318363 0.915229
0.318749 0.0235619 0.947546
0.000819665 0.0839212 0.996472
0.0462733 0.0392672 0.998157
-0.684044 0.479471 0.549719
-0.374094 0.687311 0.622621
0.716248 -0.382781 0.583496
0.175874 -0.453654 0.873651
-0.229683 -0.177941 0.956861
-0.0269543 0.0621228 0.997704
0.0296309 -0.360775 0.932182
-0.131233 0.312157 0.940923
-0.535998 0.495058 0.683831
0.325667 -0.423079 0.845544
0.0130401 0.0751449 0.997087
0.00444288 0.00422126 0.999981
-0.0114584 -0.0602905 0.998115
0.225597 -0.781021 0.582334
-0.334406 -0.154369 0.9297
-0.20406 -0.0865193 0.975128
0.0209731 0.0825393 0.996367
