-0.26112 0.00989574 0.965256
-0.441512 0.265149 0.857183
-0.017626 0.172942 0.984774
-0.0129358 -0.0208068 0.9997
-0.488504 -0.633072 0.600486
0.0310543 0.0569498 0.997894
0.217004 -0.528757 0.820564
0.780707 0.1854 0.596761
-0.178456 0.402407 0.897899
-0.654638 0.328949 0.680619
0.726843 -0.294319 0.620544
0.635653 -0.203902 0.74456
-0.0192758 -0.0864516 0.99607
-0.0278584 0.215419 0.976124
0.0471423 -0.0194674 0.998698
-0.421718 -0.753823 0.50389
0.0796929 0.0359787 0.99617
0.410122 0.0324967 0.911451
0.0783367 0.712741 0.69704
-0.539952 -0.528186 0.65534
-0.378148 -0.484112 0.789075
0.119569 0.250577 0.960684
-0.447408 -0.203371 0.8709
0.0939517 -0.442137 0.892013
0.201315 0.0813822 0.97614
-0.488403 0.428576 0.760121
0.0194749 0.56452 0.825189
0.389939 -0.548912 0.739353
0.554141 -0.386477 0.737267
-0.117493 -0.286615 0.950814
0.127037 0.74954 0.649655
-0.0298821 0.473083 0.880511
-0.209716 -0.0966057 0.972978
0.472853 0.392374 0.788957
-0.00548817 0.00266709 0.999981
0.331411 0.631773 0.700735
-0.296388 -0.140577 0.944665
-0.23345 0.132963 0.963235
0.244985 -0.755913 0.607106
-0.0967369 -0.0220037 0.995067
-0.0348733 -0.0774623 0.996385
0.300314 -0.666711 0.682135
0.0607748 -0.0871157 0.994343
-0.621834 -0.33303 0.708811
0.601236 -0.288669 0.745108
-0.341817 0.231592 0.910783
0.487014 -0.558338 0.671622
0.133202 0.161758 0.977799
0.39404 -0.0766424 0.915892
0.657597 0.0165779 0.753187
0.501299 -0.662647 0.556415
0.0931806 0.637481 0.76481
-0.134551 -0.0254572 0.99058
0.299188 0.656068 0.692865
0.0367979 -0.0743842 0.996551
-0.523376 0.41776 0.742667
-0.0106899 0.242311 0.97014
-0.422137 0.229969 0.876878
0.787567 0.0486507 0.614305
0.410851 0.425069 0.806547
-0.483006 -0.214245 0.849002
0.229066 -0.251689 0.940309
0.48724 -0.363568 0.793987
0.0121217 -0.305208 0.952208
0.273275 0.199434 0.941035
-0.0559425 0.143668 0.988043
0.263421 0.594068 0.76006
0.23267 -0.324643 0.916772
0.342885 0.187638 0.920446
-0.0268045 0.00556881 0.999625
0.269046 -0.283823 0.920358
0.808838 0.268839 0.522978
0.15864 -0.0293091 0.986901
0.611529 0.233297 0.756045
0.278231 0.484798 0.829192
-0.635361 0.298509 0.712186
0.0486342 -0.460996 0.886069
0.0150181 -0.0182937 0.99972
0.5445 -0.213295 0.811188
0.0309917 -0.143481 0.989168
-0.0389885 0.641241 0.766349
-0.171994 -0.213613 0.961659
0.303496 0.284367 0.90941
-0.268096 -0.224401 0.936893
0.243867 0.00634854 0.969788
0.436279 0.313224 0.843535
-0.347807 -0.132859 0.928105
-0.0218961 -0.0128097 0.999678
-0.13454 0.289676 0.947622
0.242992 0.0437691 0.96904
-0.42246 0.0869837 0.902198
-0.198752 0.744333 0.637547
-0.40412 0.625605 0.667312
-0.00807495 0.0817415 0.996621
0.386252 -0.70156 0.598851
0.311673 0.467476 0.82724
