0.232673 -0.168396 0.957865
0.167871 0.25847 0.951321
0.143845 -0.653447 0.74318
0.153426 -0.08999 0.984054
-0.55961 -0.587161 0.584874
-0.690564 0.206874 0.693054
0.525957 -0.636698 0.563902
-0.555943 -0.0843542 0.826929
-0.682261 0.418704 0.599338
-0.373577 0.748573 0.547794
-0.629198 0.116773 0.768423
-0.028707 0.234548 0.97168
-0.244959 -0.70969 0.660556
0.600435 -0.14235 0.786902
-0.0741112 0.42373 0.902752
-0.164076 0.0075232 0.986419
0.0206131 -0.850946 0.524849
0.181723 -0.501291 0.845981
-0.698883 0.473313 0.536225
-0.344394 0.0798069 0.935427
0.0188731 -0.157397 0.987355
-0.256544 -0.541851 0.800364
0.758997 -0.100941 0.643222
-0.0022048 0.268252 0.963346
-0.348669 -0.436402 0.829448
0.547708 0.553311 0.627586
-0.158006 -0.472424 0.867093
-0.21999 0.389462 0.894384
0.429175 -0.241779 0.87026
-0.264102 0.747696 0.609263
-0.413525 0.162906 0.895801
0.541873 0.0553593 0.838635
0.118151 0.147257 0.982016
0.366549 0.371169 0.853156
0.31347 0.0693882 0.94706
-0.181551 -0.0466237 0.982276
-0.0954949 -0.690656 0.716851
0.249565 0.40301 0.880511
-0.19713 -0.701347 0.68502
0.82667 -0.116906 0.550409
-0.164381 0.256124 0.952564
-0.298097 0.700723 0.648171
-0.393748 0.605163 0.691911
-0.176959 -0.764328 0.620071
-0.319373 0.00684129 0.947605
0.0546532 -0.0154531 0.998386
-0.342153 0.01217 0.939565
0.246854 -0.624383 0.741086
-0.653114 0.0339588 0.756498
-0.576366 -0.398918 0.713209
-0.172674 0.747198 0.641778
-0.280108 0.728266 0.625434
-0.0473079 0.810029 0.584478
0.00577801 0.163761 0.986483
0.00354491 0.0630049 0.998007
0.347424 0.0815503 0.934155
-0.614156 0.110214 0.781451
0.477623 -0.577276 0.66229
0.490588 -0.261637 0.831185
-0.0326215 -0.0331402 0.998918
0.134255 -0.142547 0.980641
0.465447 -0.589938 0.659798
0.180896 -0.25519 0.949818
0.562264 0.428214 0.707455
-0.302297 -0.124859 0.945001
0.494387 -0.2606 0.829258
0.257014 -0.105613 0.960619
0.559237 0.0316983 0.828401
-0.202719 -0.0958389 0.974536
-0.504783 -0.119372 0.854953
-0.0376852 -0.0827954 0.995854
-0.740449 -0.171676 0.649818
-0.120773 0.113521 0.986168
-0.0192218 0.00640796 0.999795
0.217771 0.0133539 0.975908
-0.0471613 -0.807197 0.588394
0.794028 -0.26765 0.545786
-0.172592 0.674653 0.717674
-0.1992 0.81886 0.53832
-0.430712 0.638696 0.637616
-0.648216 0.511067 0.56447
0.148273 0.35617 0.922582
-0.756527 -0.203088 0.621628
0.143673 -0.659712 0.737657
-0.469568 -0.656716 0.590111
0.326006 0.701091 0.634186
0.599608 -0.565332 0.566454
0.301515 -0.0371318 0.952738
0.537375 0.524474 0.66042
0.190926 -0.118368 0.974442
0.155704 0.0571464 0.986149
-0.00280204 0.00639461 0.999976
0.368663 0.202112 0.907325
-0.461134 0.259153 0.848643
-0.0945744 0.104581 0.990009
0.092265 0.778634 0.620658
