0.243204 -0.0127905 0.969891
0.0584171 0.411833 0.909385
-0.0756759 -0.00587393 0.997115
0.54224 0.397343 0.740334
-0.208998 -0.621584 0.754953
0.465263 0.586892 0.662637
-0.0352651 0.161564 0.986232
-0.412346 0.332636 0.84813
-0.14172 -0.438751 0.887363
0.00532364 -0.13508 0.99082
-0.492562 -0.272373 0.826556
-0.121773 0.134078 0.98346
-0.201701 0.448982 0.870478
0.0305451 0.197441 0.979839
0.0106906 -0.150321 0.988579
0.130403 0.81308 0.567358
-0.100363 0.453374 0.885652
-0.505682 0.283825 0.814696
-0.130806 0.413179 0.901207
-0.204929 -0.764693 0.610941
-0.403915 -0.0821122 0.911104
-0.00243053 -0.00762903 0.999968
-0.0583034 -0.398356 0.915376
-0.0951282 0.0267802 0.995105
0.0393828 0.507354 0.860837
-0.0694684 0.124797 0.989747
-0.418932 -0.550256 0.722298
-0.207446 -0.310082 0.927801
0.0140218 -0.650931 0.759007
-0.0029338 -0.00219167 0.999993
-0.570125 -0.0892024 0.816701
0.50043 0.326922 0.801681
-0.400924 -0.604857 0.688047
-0.404993 0.41453 0.814951
-0.0469831 -0.151497 0.98734
-0.159481 -0.0292306 0.986768
-0.323395 0.508305 0.798149
0.606799 0.332309 0.722057
0.163729 -0.448844 0.878483
-0.0625511 0.182672 0.981182
-0.172296 0.813043 0.556125
-0.239513 0.583358 0.776097
-0.02215 0.013316 0.999666
0.335808 0.0813889 0.938408
0.0955641 0.304243 0.947789
0.664653 -0.330773 0.669944
-0.0280772 0.0315803 0.999107
-0.540913 -0.22405 0.810688
0.039488 -0.0434225 0.998276
-0.580165 -0.127868 0.8044
0.416339 0.441523 0.794807
-0.185523 -0.0241806 0.982342
-0.227771 0.810463 0.539694
0.423806 0.177134 0.888264
-0.165186 -0.55216 0.817211
0.1688 0.048844 0.984439
-0.852263 -0.00398416 0.523098
0.522497 0.619436 0.585915
0.347686 0.533762 0.770852
0.764763 0.293435 0.573614
-0.21512 -0.113961 0.969916
-0.0253034 -0.363584 0.931218
-0.332534 -0.70954 0.621269
-0.0794921 -0.0193838 0.996647
0.0731829 -0.0584737 0.995603
0.0696612 0.214877 0.974154
-0.727791 0.325601 0.603576
0.0343838 0.106826 0.993683
-0.35597 -0.622383 0.697083
0.0365793 0.0154307 0.999212
0.456109 0.453624 0.76563
-0.0279562 -0.0214863 0.999378
0.1234 0.0286101 0.991945
0.232941 0.263405 0.936139
-0.458519 -0.00287332 0.88868
-0.496917 0.629399 0.597437
-0.0595238 -0.0736267 0.995508
0.0899934 0.797086 0.597122
0.205301 -0.0206273 0.978482
0.343082 -0.466389 0.815338
-0.26973 -0.665413 0.69604
0.366947 0.712853 0.597655
-0.400313 -0.481024 0.779978
0.162761 -0.148559 0.975417
0.559948 0.522664 0.642869
-0.156191 -0.105504 0.982076
0.0209029 -0.541506 0.840437
-0.552121 0.211822 0.806408
0.711938 0.0479929 0.7006
-0.182492 0.347439 0.919773
0.346342 0.290269 0.892071
0.210428 -0.769076 0.603525
0.237885 0.0987622 0.966259
0.0561905 -0.562074 0.825176
-0.220387 0.615874 0.756392
0.0650948 -0.0159154 0.997752
