-0.0740453 -0.0121352 0.997181
-0.26605 -0.453483 0.850629
0.718234 0.319581 0.618068
-0.210764 -0.567877 0.795672
-0.324007 0.14784 0.934432
0.210355 -0.153988 0.965421
0.555499 0.618838 0.555393
-0.00576569 -0.510601 0.859798
-0.261933 -0.364469 0.893618
0.672677 -0.0122773 0.739834
-0.684589 -0.24398 0.686886
-0.489573 -0.215783 0.844841
-0.476037 0.602024 0.641058
0.0397682 0.194422 0.980112
0.215249 -0.671052 0.709477
0.0240285 -0.590824 0.806442
-0.343617 0.19152 0.919373
-0.0190548 -0.00577865 0.999802
-0.0754195 -0.824589 0.560683
-0.654357 -0.198672 0.729621
-0.229979 -0.526127 0.818719
0.280749 -0.0606848 0.957861
0.371581 -0.50714 0.777648
0.370306 0.611703 0.699066
0.337281 0.0860073 0.937467
-0.263935 0.321928 0.909231
-0.0459949 -0.600568 0.79825
-0.347658 -0.699714 0.624127
-0.325041 -0.456573 0.828184
0.026939 -0.0433729 0.998696
-0.187568 0.334646 0.923488
0.00810141 0.154005 0.988037
0.784904 -0.0444452 0.618021
-0.518213 -0.418007 0.74614
0.552911 -0.0764831 0.829723
-0.638706 -0.160125 0.752605
0.347671 -0.166437 0.922726
0.346311 0.640191 0.685729
0.435369 -0.292111 0.851543
0.0423722 -0.551827 0.832882
0.774488 0.161986 0.611497
-0.112704 -0.288475 0.950831
0.216976 0.742429 0.633814
-0.461695 0.466292 0.754592
0.00830908 0.0464065 0.998888
0.00732603 0.0357125 0.999335
-0.206169 0.682835 0.700878
-0.0197939 -0.0563133 0.998217
0.14378 -0.0791335 0.986441
0.587117 0.369362 0.720324
0.236425 -0.0801193 0.968341
-0.108149 -0.00325245 0.994129
0.239239 0.261487 0.935088
-0.336683 -0.684023 0.647115
-0.227365 0.0033865 0.973804
0.54491 0.236474 0.804458
-0.0115397 -0.0516301 0.9986
-0.439336 0.412014 0.798266
-0.702214 -0.11515 0.702592
-0.0779726 -0.394621 0.915529
-0.0768406 -0.363999 0.928224
0.154113 -0.351346 0.923474
0.0483078 -0.32591 0.944166
-0.505 -0.397407 0.766187
0.513793 0.697107 0.500058
-0.552326 0.600972 0.577727
0.211162 -0.751897 0.624549
0.132011 0.141484 0.981099
-0.0557527 -0.12533 0.990547
-0.0402579 -0.194577 0.980061
0.136371 -0.655067 0.743162
0.237061 -0.662942 0.710148
0.603566 0.342773 0.719872
-0.43155 0.0161017 0.901946
-0.0596197 -0.231951 0.970899
0.437793 0.244127 0.865297
0.695383 -0.0560171 0.716452
-0.10787 -0.769038 0.630036
0.39509 0.302606 0.867372
-0.0351467 0.0350007 0.998769
-0.185179 -0.396661 0.899093
0.846785 0.0156306 0.531706
-0.23452 -0.773643 0.588623
0.33229 -0.0858974 0.939258
0.193869 0.157719 0.968266
-0.614843 0.553711 0.561581
0.735574 -0.102279 0.669679
0.531571 -0.111732 0.839612
0.158036 0.499389 0.851842
-0.170755 -0.486228 0.856986
-0.131344 -0.149597 0.979984
0.336349 -0.568754 0.750592
0.415836 -0.392121 0.820562
-0.0296755 -0.351121 0.93586
0.133797 -0.239285 0.961687
0.0209957 -0.839632 0.54275
