0.688669 -0.142003 0.711034
-0.110636 0.277717 0.954271
-0.273404 0.768754 0.578159
0.719138 -0.233979 0.654289
-0.23723 0.774673 0.586176
0.0720584 -0.151733 0.985791
-0.128579 0.211915 0.968793
0.59771 0.389757 0.700594
-0.253257 0.290778 0.922664
0.827811 0.191353 0.527364
-0.789098 0.238147 0.566224
0.747788 -0.0591222 0.6613
0.703646 -0.108414 0.702232
-0.0846167 0.845247 0.527634
-0.644252 -0.475782 0.598808
-0.365067 0.747239 0.555301
0.799302 -0.127874 0.587166
-0.522738 0.489687 0.697819
0.598584 0.247557 0.761848
-0.147986 -0.678592 0.719453
0.201422 -0.510912 0.835702
0.516669 0.585089 0.625079
-0.499113 0.313918 0.807677
0.713804 0.477684 0.512155
0.563653 -0.274687 0.779001
-0.150061 0.130878 0.979976
0.615391 0.252464 0.746697
-0.163778 0.368553 0.915066
-0.611785 -0.128841 0.780461
-0.466591 -0.0843634 0.880441
0.0622098 0.0271824 0.997693
0.492317 -0.117567 0.86244
0.103279 -0.0914973 0.990435
-0.137821 0.849131 0.509884
0.007097 -0.162793 0.986635
0.209842 0.355203 0.910932
0.237505 0.322978 0.91612
-0.0679338 0.0137269 0.997595
-0.47525 -0.0815371 0.876064
-0.831631 0.0576449 0.552328
0.0355358 0.86398 0.50227
-0.492956 0.228841 0.83942
-0.691706 -0.0698329 0.718795
-0.0927441 0.00478576 0.995678
0.127156 0.257895 0.957769
-0.0425776 -0.309705 0.949879
-0.328376 0.0973451 0.939518
-0.074753 -0.498428 0.863702
0.0359583 0.248265 0.968024
-0.148205 -0.552282 0.820378
0.479805 0.265428 0.836263
0.0210291 -0.814217 0.58018
-0.142741 -0.229351 0.962821
-0.15646 0.531115 0.832729
0.00328666 -0.32068 0.947182
0.224469 -0.629225 0.744103
-0.17074 0.29622 0.939735
0.384548 -0.327198 0.863171
-0.68009 0.34983 0.644279
-0.467568 -0.495332 0.732138
-0.449361 -0.689929 0.567514
-0.261856 -0.159719 0.951799
-0.0502652 -0.0389221 0.997977
-0.218257 -0.391264 0.894023
-0.809335 -0.268348 0.522461
0.0254444 0.25636 0.966247
-0.00129471 0.0523337 0.998629
0.340503 0.565597 0.751104
-0.201793 -0.457749 0.865879
0.326512 -0.251747 0.911051
0.804572 -0.167547 0.569729
-0.458819 -0.264044 0.84839
0.0589216 -0.119086 0.991134
0.0147384 -0.00503397 0.999879
-0.0348421 -0.138845 0.989701
-0.219522 0.107996 0.969612
0.217425 0.614355 0.758482
-0.099428 0.183607 0.977958
-0.692523 -0.160441 0.703328
-0.754326 -0.379212 0.535902
0.398794 -0.537794 0.742793
-0.0116547 -0.332399 0.943067
-0.291081 -0.119516 0.949204
-0.600659 -0.221421 0.768233
0.0920298 -0.360983 0.92802
0.211878 0.450635 0.8672
0.0823977 0.13417 0.987527
0.149492 0.514419 0.844408
-0.0177149 0.0397229 0.999054
-0.0945112 0.446574 0.889741
0.116191 -0.0892602 0.989208
0.416114 0.180172 0.891284
-0.317483 0.568392 0.759035
0.511729 -0.196069 0.836475
0.188858 0.150576 0.970392
0.236712 -0.0435855 0.970602
