0.730135 0.026054 0.682806
-0.000916356 0.508048 0.861329
-0.140986 0.276299 0.950675
0.581852 0.251235 0.773517
-0.565522 0.432817 0.702036
-0.382349 -0.0237276 0.923713
0.169643 0.640545 0.748948
0.0961879 -0.853782 0.511667
0.507765 -0.314832 0.801907
0.0338079 0.0245113 0.999128
-0.745445 -0.240818 0.621546
-0.247292 0.15473 0.956507
0.232634 -0.0346126 0.971948
-0.750665 -0.386702 0.53569
-0.53271 -0.0408773 0.84531
-0.68581 0.25375 0.682111
-0.662559 0.0740962 0.745335
-0.0484814 0.0317394 0.99832
0.0050207 0.182854 0.983127
0.00561683 -0.565507 0.824725
-0.647181 0.0559494 0.76028
0.531356 0.11721 0.839001
0.385235 -0.346109 0.855454
0.0875782 0.112652 0.989767
-0.099449 -0.0822278 0.991639
-0.518933 -0.00744758 0.854783
-0.0969782 0.598086 0.795543
0.434136 -0.690016 0.57914
-0.334183 -0.754647 0.56465
0.12801 0.849004 0.512645
-0.0677377 0.477913 0.875791
-0.463093 0.514558 0.721647
0.0767746 -0.22854 0.970503
0.0603989 -0.0389105 0.997416
-0.13343 -0.247608 0.959628
-0.109685 0.100205 0.988903
-0.207456 0.272124 0.939633
-0.290101 0.0194807 0.956798
0.0703933 -0.0100643 0.997469
0.540058 -0.0954325 0.8362
0.652195 -0.339834 0.677609
-0.470206 -0.185018 0.862945
-0.324541 -0.347953 0.879547
-0.614553 -0.376961 0.692983
-0.0184045 -0.625521 0.77999
-0.683869 0.44088 0.581333
-0.322693 0.60792 0.725467
0.709639 -0.130446 0.692385
-0.0595949 -0.860589 0.505801
0.551465 0.232217 0.801225
0.0217822 0.106631 0.99406
0.00103181 0.00973164 0.999952
0.179231 0.364675 0.913722
-0.303465 0.398606 0.865461
-0.212415 0.670307 0.711033
0.337419 0.142303 0.930536
0.503654 0.639075 0.581305
0.28087 0.364821 0.887704
0.0127606 -0.00221274 0.999916
0.100425 -0.139106 0.985172
-0.0715994 0.00255151 0.99743
-0.112352 -0.267106 0.957095
0.0459565 0.804482 0.592196
0.190264 0.0838416 0.978146
-0.024973 0.085368 0.996036
-0.456041 0.470996 0.755109
0.311496 -0.131268 0.941137
0.658637 -0.367435 0.65665
0.308466 0.383039 0.870706
0.307757 0.785374 0.537098
0.369438 -0.723822 0.58275
0.309906 -0.477717 0.822037
0.367001 -0.368919 0.853937
-0.292524 -0.0843153 0.952534
0.134464 0.325217 0.93603
3.48504e-06 0.00503209 0.999987
0.599852 -0.458489 0.655717
-0.00587559 0.012377 0.999906
0.56365 0.556806 0.610136
-0.0886472 -0.236798 0.967506
0.0150662 -0.0338883 0.999312
0.154972 -0.751576 0.641184
-0.00081062 0.177728 0.984079
-0.458682 -0.249511 0.852851
-0.702051 -0.457888 0.545402
-0.181553 0.149181 0.972
-0.0600597 0.0738647 0.995458
0.59831 -0.44651 0.665322
-0.00893929 -0.0225731 0.999705
0.217208 0.0878873 0.972161
-0.024774 0.114329 0.993134
0.33387 -0.785008 0.521818
-0.140166 0.356245 0.92382
0.294559 -0.0919311 0.951201
-0.122926 0.256893 0.95859
0.333667 0.0863606 0.938727
