-0.288626 0.118669 0.950059
-0.187445 0.400662 0.896847
0.0749666 0.0840502 0.993638
0.121058 -0.172354 0.977568
-0.204005 -0.12027 0.971554
-0.643228 -0.180556 0.744082
-0.201462 0.034566 0.978886
0.0809991 0.561229 0.823688
0.703022 -0.221456 0.675808
-0.301558 0.414541 0.858614
-0.188654 -0.0556899 0.980463
0.607674 0.464095 0.644475
0.381002 -0.213282 0.899638
0.206025 -0.700648 0.683115
-0.724977 -0.20316 0.65813
-0.527664 0.498456 0.687832
0.190083 -0.405674 0.894034
0.0842442 -0.0915036 0.992235
0.00958279 -0.00133753 0.999953
0.34428 0.0621981 0.936804
-0.287821 0.220111 0.932046
-0.23637 0.0209843 0.971436
0.0243187 0.326856 0.944761
0.559663 -0.0564209 0.826797
-0.0310033 0.118978 0.992413
-0.0412553 -0.0983624 0.994295
0.821034 -0.271848 0.501997
0.00351105 0.202424 0.979292
0.774681 -0.0147757 0.632179
0.00723612 0.477831 0.878422
0.0404823 0.374706 0.92626
0.190529 0.0127038 0.981599
0.0841903 0.772278 0.629681
-0.0390614 0.0333463 0.99868
-0.299054 0.630692 0.716097
0.0881397 0.126286 0.98807
0.667696 -0.257695 0.698409
0.111836 -0.304713 0.945855
0.161156 -0.480044 0.862314
0.292186 0.610431 0.736208
-0.00262384 0.796684 0.60439
-0.317558 0.179637 0.931068
0.208176 0.026129 0.977742
-0.419946 0.371519 0.828021
0.0342233 -0.392843 0.918968
0.635652 -0.583519 0.505423
-0.423931 0.535357 0.730531
-0.658506 0.0109916 0.752495
0.452673 0.249925 0.855935
0.375735 0.392983 0.839278
0.319747 -0.614322 0.721367
-0.0243034 -0.343303 0.93891
0.324246 -0.133741 0.936471
0.0907413 -0.248059 0.964486
0.06786 0.114781 0.99107
-0.146713 0.344057 0.927416
-0.393433 0.426061 0.814668
-0.0988584 -0.0823636 0.991687
-0.477798 -0.713586 0.512351
-0.0609058 -0.783061 0.618955
0.576334 -0.421913 0.699878
-0.796213 0.106494 0.595571
0.1433 0.061402 0.987773
0.536577 0.400397 0.74281
0.231235 0.184177 0.955306
0.736538 0.249749 0.628599
0.454803 -0.488245 0.744829
0.71543 0.194108 0.67118
-0.0746374 -0.0602466 0.995389
-0.121056 -0.0243529 0.992347
0.148227 0.224202 0.963204
-0.316364 0.496794 0.808151
0.0709715 -0.0046467 0.997468
-0.482026 0.459579 0.745948
0.0770143 0.359346 0.930021
0.598105 -0.524456 0.605984
0.750968 0.0912011 0.65401
-0.432029 -0.650041 0.625138
-0.526589 -0.160751 0.834783
-0.0825681 0.026965 0.996221
0.197086 -0.0472477 0.979247
-0.488578 -0.585147 0.647221
-0.6345 0.481826 0.604362
-0.164577 0.167835 0.97198
-0.423745 -0.510977 0.747892
-0.248286 0.53619 0.806756
0.663286 0.485637 0.569393
-0.295436 0.0134661 0.955268
0.0706459 0.488518 0.869689
0.359875 -0.113849 0.926028
0.0426193 -0.242299 0.969265
0.731876 0.135934 0.667743
0.249312 -0.215718 0.944092
-0.311704 -0.0486125 0.948935
0.019898 -0.747592 0.66386
0.0499149 0.0440415 0.997782
